2.38593437505,0.368440948557,0.0,0.0587419130806,5.70906153907,0.808943944373
3.40776267096,0.0,0.0,0.0,18.8363868155,1.13537426294
2.24621329923,0.0,0.0,0.0,3.64397679024,0.248123163938
2.2431871446,0.0,0.0893573546664,0.0,7.97793504858,0.189796018963
0.813181040894,0.0,0.0,0.0,3.01773406502,1.58634215574
2.26251491777,0.0,0.0,0.0,6.44111720366,2.97375251384
1.2744859298,0.315442805843,0.0,0.0,2.74063338311,2.00144875746
2.02436361115,0.0,0.0,0.0,2.87057995249,1.07105062512
0.0,0.0,0.0,0.0,5.66830306769,0.482448294895
1.16357552466,0.0,0.0,0.0,4.0680191107,0.196697142639
0.2990613578,0.832488011458,0.0,0.0,11.0128041057,0.0
1.26030303205,0.0,0.0,0.0,5.96096370098,0.0
0.887835439651,0.0,0.0,0.0,0.972790366335,0.0
3.53502431131,0.0,0.0,0.0,0.0,0.0
1.15614580034,0.0,0.0,0.0,2.21531909797,0.0
1.34192468767,0.123035150548,0.0,0.0783640605647,5.42277009718,2.12163984718
1.80304448113,0.0,0.0,0.0,3.62541355159,0.0292570679491
0.0587128671954,0.0,0.0,0.0,0.472007913625,0.0
5.16629833877,0.0,0.0,0.0,4.93081986849,0.860081655487
0.028433710686,0.0,0.0,0.0,1.16318361371,0.0
0.0,0.0,0.322874811209,0.0,1.89314032117,1.9414060516
3.0571572227,0.0,0.0,0.0,4.04228467935,2.77296742766
0.249089987884,0.0593106863015,0.0701973136647,0.120990214455,7.37168034789,2.31522961626
1.24267998702,0.0,0.0,0.0472870936292,1.52017316112,0.385765406263
1.60173355609,0.0938211937181,0.0,0.0,6.09371536221,0.0
1.29628670023,0.269842498792,0.0,0.0,10.0641629643,0.0
2.150703693,0.0,0.0,0.0,5.9006647251,0.500315659104
1.06323859171,0.302014354328,0.0,0.0,10.2301231445,0.0
0.313540551287,0.247612232751,0.0,0.0406053881544,6.15282504559,0.0
2.00678693481,0.0,0.0,0.0,5.03885697276,0.368051791307
1.53279696348,0.0,0.0,0.0,15.0793865774,0.0
1.68250738836,0.0,0.0,0.0,7.52897645517,1.25488866213
1.186355406,0.0844832548826,0.0,0.0,1.8225609621,1.56658279536
4.08647638266,0.0,0.0,0.0,1.43993648643,0.0
1.96613832191,0.0,0.230833358777,0.0,4.0779176099,1.39069829224
2.77023169073,0.0,0.0,0.0240400811525,4.20340107737,1.4988502006
2.62443742163,0.0,0.0,0.0,8.51097286604,0.457169635147
1.67616317707,0.109267553379,0.0140093379953,0.0,4.80214138169,3.23192851531
0.7530630377,0.0,0.0,0.058518108836,0.726578719475,0.85591188339
2.06155625205,0.0,0.0,0.0,4.90946702057,0.0
0.681791315129,0.0,0.0,0.0,5.23494757953,1.54088103287
0.598382742081,0.0,0.0,0.0,3.66584291839,0.0
3.24741528001,0.217944409305,0.0,0.0,2.94782983686,0.0
4.87984390215,0.0,0.0,0.0475990214162,2.55023844604,0.0
0.393641695323,0.0,0.0,0.0,11.6540831236,0.0
1.81300844888,0.0,0.0,0.0,2.90404645718,0.807897058732
0.0,0.421698327359,0.0,0.0,1.15207483254,0.0
0.0,0.0,0.0,0.0,0.458325112486,0.799296902537
0.0,0.0,0.0,0.0,1.81476375883,0.0
3.72855063423,0.0,0.0313199782121,0.0579157320323,1.71147582592,0.0
4.01780355819,0.0,0.0,0.0,3.20128037796,0.0
0.572170331723,0.0,0.0,0.0,7.48649856391,2.72777185739
2.96042610635,0.0,0.0,0.0,6.34182427543,0.0
2.97483552902,0.0,0.0,0.0,10.2462569817,0.0
2.56959492468,0.0,0.0,0.0,3.69579560934,5.19699056828
5.05335402266,0.0,0.0,0.0,6.17100791423,1.41417324712
0.0,0.182074060121,0.0,0.0,8.84505125554,0.0
4.55730236136,0.0,0.0,0.0,12.2638900782,1.79881413762
0.0,0.0,0.0,0.0,2.40716801451,0.143406539367
1.51356632995,0.0,0.0,0.0,11.9239665785,1.26527670157
0.629643077911,0.0,0.0,0.0,1.10973037127,2.23000035142
0.0716785149827,0.0,0.147283285988,0.0,4.33793382872,2.13283704664
2.41061550852,0.47561440209,0.0,0.0,11.4422390045,0.950698959309
3.10372194961,0.0,0.318908640268,0.0,5.16944998025,0.686399102809
2.29477584445,0.0,0.0,0.0,1.49754595945,1.27652030795
2.78616227659,0.0,0.0,0.0,2.06686364235,0.836171167506
2.21556256049,0.0,0.0,0.0,3.03601203086,0.0
2.45796769328,0.0,0.0,0.0,0.936542346411,0.512116225818
2.81160813947,0.0,0.0,0.0,5.66411528261,0.0
4.04753711261,0.0,0.0,0.0,2.60166309032,0.0
1.83082779717,0.148663451518,0.0,0.0,7.34679639793,1.15775816042
0.197966533969,0.0,0.0,0.0,0.489272836742,0.0
2.00193058244,0.0,0.0,0.0560703550594,8.2803684063,1.25368031538
2.8544632454,0.0,0.0,0.0,12.5935792482,1.63756790668
3.60923916473,0.0,0.0,0.0,3.33116748207,0.562479394262
1.66060853889,0.299062110898,0.065778473095,0.0,7.9130130306,1.14449579313
0.465001120445,0.0,0.0,0.0513924226399,8.61036302696,0.0395625462103
0.356988597584,0.0,0.705770391388,0.0,8.11844690292,1.49634353488
1.76951385664,0.0,0.108807426478,0.0,16.0091058131,0.0
3.90579713768,0.0,0.0,0.0,2.6524450675,0.707572712274
1.07941558646,0.0,0.0,0.0,0.435211973798,0.0
2.17219796582,0.0,0.0,0.0,3.09460692144,0.0
2.69580220071,0.0,0.0,0.0,0.0622848196253,0.0
4.99471866098,0.0,0.0,0.0,1.0478711475,0.0
2.77421205147,0.0,0.0,0.0,5.35491258966,1.07210207193
0.0,0.0,0.0,0.0,1.26595521638,0.628884126001
0.681826478903,0.0910292726213,0.0,0.0,3.23550653106,0.0
2.44323065125,0.0,0.0,0.0,2.47612822975,0.0
4.03270523828,0.0,0.0,0.0,5.92320914494,3.97871996757
1.18526741207,0.570304925971,0.0,0.0,5.13873914255,0.833431224619
0.0430662623146,0.0,0.0,0.0,3.24729855762,0.0979608867921
1.21642029859,0.0,0.0,0.0,4.23507260907,0.0
0.0260679587056,0.0,0.0,0.0,6.03803141659,0.787449532488
0.989409692106,0.0,0.0,0.0,1.43322458334,0.0
2.26049814136,0.0,0.0,0.0,4.39617491171,0.0
1.89093697996,0.0,0.275371071179,0.0,2.39271353693,2.41608871275
1.96300447489,0.632586498969,0.0,0.0,6.20258603636,0.663852347403
2.7253452854,0.0,0.388722314541,0.0,4.89076267186,1.52741620973
2.01037379518,0.0,0.0,0.0,2.22700198391,0.660785703717
0.0126485824357,0.0,0.0,0.0,4.68852130436,0.0
2.03405001667,0.0,0.0,0.0,8.95800066485,0.0
4.56977779709,0.0,0.0,0.0103832964163,2.27143802285,2.67217528726
0.0,0.0,0.0,0.0,1.36290437789,1.28735388554
4.01302567461,0.0,0.0237024156394,0.0,15.5387630464,0.779737902684
0.0,0.0,0.0,0.0,4.22101796688,0.0179706113728
5.46967709419,0.0,0.0,0.0874097335884,0.900628984064,2.5475840819
0.763987530832,0.676045307565,0.0,0.0,6.17766759767,2.31493122106
4.05011773038,0.202752519318,0.0,0.0,8.06520270784,1.44295462767
0.79027249713,0.0,0.0,0.0,0.0233320838124,0.0
2.1376526083,0.0,0.0,0.0,4.17553075364,0.0
2.74194069347,0.0,0.0,0.0,5.826431933,1.17145719093
1.74409685177,0.0,0.10479727221,0.0117153167954,15.9363608753,0.901537603471
4.81990348334,0.21319901169,0.0,0.0,4.56086002995,1.43547815736
4.11814001954,0.0,0.0,0.0,8.8826535544,0.327407777097
6.83285518998,0.0,0.0,0.0,5.53974942056,0.405101864204
2.01434929388,0.0,0.0,0.167518470297,2.73495819942,0.0
0.00888329181812,0.0,0.0,0.0,1.91717101023,0.210322465494
1.40530896751,0.0,0.0,0.0,3.59411074994,0.0
0.885783063981,0.0,0.0,0.0226636615956,0.190884843604,0.0
3.1954783357,0.177632469468,0.117860244051,0.0,1.97801840794,0.00885798572386
0.0,0.604305501331,0.0,0.0,2.93639015675,0.0
1.73827175246,0.0,0.0,0.0,3.08738546058,0.0
1.06660617212,0.0,0.0,0.0,1.8274570616,0.95457294242
1.32740623599,0.0,0.0,0.0,8.90532506747,0.174343734906
2.1136662386,0.0,0.0,0.0,3.85705534173,0.566564955186
0.515819784692,0.0,0.0,0.0,1.21733250498,1.53680308699
1.13305871931,0.0,0.0,0.0,1.02074617268,0.0
2.94288478618,0.0,0.0717070495862,0.0,11.7551981581,1.65945400865
1.74372784635,0.195065086706,0.0,0.0,3.82569197535,2.12129830731
2.21971188027,0.39858310482,0.0,0.0,2.67358257388,0.378467417145
2.73210587538,0.0,0.0,0.0,2.27884966957,0.627441571476
1.70828630533,0.0,0.0,0.0,2.06413024306,3.75988705179
3.686718808,0.0,0.0,0.0,7.5338839365,3.26256590998
7.96598739773,0.0,0.0,0.0,16.7816073848,2.48051023604
0.0,0.0,0.0,0.0,0.0,1.70157840635
2.56766527518,0.521317285652,0.0716898136353,0.0,2.2912808631,2.56744511494
3.97364434698,0.0,0.0,0.0,7.81322349973,1.31222878053
1.33344889494,0.0,0.0,0.0,8.33126717904,1.32865506432
1.89766121845,0.0,0.0,0.0,3.50782934171,3.57757698346
0.971532802349,0.0,0.261807515123,0.0,0.0,0.196929841401
0.746467932731,0.0,0.0,0.0,10.3471719396,0.894317622696
2.98056825183,0.0,0.210315023415,0.0,6.05134449013,1.30012687342
0.236854163275,0.0,0.0,0.0,1.98520392395,0.0
0.700532286327,0.0,0.193644533638,0.0,7.91122455661,0.0
0.0,0.0823780670933,0.0,0.0,4.36569469696,0.0
2.17140377704,0.294060949783,0.0,0.0,5.63621511736,2.89273576283
0.0,0.0,0.0,0.0,1.276973483,1.92820558337
1.96560304329,0.0,0.0,0.0,1.99909146473,1.91225259655
0.519612998485,0.0,0.147902095854,0.0,5.65320329068,0.0
1.46785788969,0.0,0.0,0.0,9.70094770808,2.32654384524
1.11955127395,0.0,0.0,0.0,2.0090138917,1.45701123912
3.64058465138,0.0,0.0,0.0,2.27236492865,0.0
0.0,0.583540709241,0.0,0.0,0.0,1.35801556809
3.97440135446,0.496862808754,0.135030522275,0.0,4.72695950975,0.0
1.43109692633,0.0,0.0,0.0,8.55793798868,2.5645830707
2.34077740861,0.0010944918439,0.3779836853,0.0,5.21248248446,0.326973937194
0.0,0.0,0.504541123904,0.0,14.3726997278,1.6275339812
1.90415242836,0.0,0.0,0.0,3.10706522079,0.224659225452
1.60342877511,0.0,0.0,0.0,13.1441620617,0.0
0.889061888888,0.698605206702,0.0,0.0,2.49262508613,0.0
3.1780367743,0.0,0.0,0.0,3.80915367912,1.00117419103
1.57231961536,0.0,0.0,0.0,2.6818680276,1.87088305088
2.69880273613,0.0,0.151025674843,0.0,12.8294721415,0.326655303095
1.37545847608,0.0,0.0,0.0,0.0,0.0
1.75670517748,0.0,0.0,0.0,3.8345084549,1.99936057762
0.0267064146522,0.0,0.0,0.0,5.10348723955,1.82554320384
5.67121056661,0.0,0.0,0.0,0.71475001249,0.0
0.0766339785806,0.0,0.0381855146246,0.0,0.678636160121,1.11990682087
3.39402409941,0.0,0.0,0.0,5.08264329086,0.543408534311
1.80252256323,0.0,0.0,0.0,7.43357485015,0.0
1.40929230415,0.362357903292,0.192745975195,0.0,4.94217890796,1.78885253022
3.40345539625,0.0,0.0,0.0,4.40102114794,0.417171117244
2.18169071959,0.0,0.0,0.0,2.91039522739,0.232579103123
2.0857156997,0.0,0.348359261323,0.0,1.36277061574,0.0
2.44867561935,0.180751506419,0.0,0.0,7.88458296227,1.26670939894
1.61593513408,0.308086630293,0.419391224155,0.0,4.50837959197,0.899960599683
0.0,0.0,0.0738737556992,0.0,1.14314217566,0.0
2.22405556384,0.285003140221,0.0,0.0,7.82075743911,0.0
0.678087425108,0.0,0.0,0.0,3.86277265192,3.65954377967
0.938602866706,0.0,0.0,0.0,7.49826490528,1.114043867
3.00478460923,0.0,0.0,0.0,0.905727492456,0.0
1.83031662811,0.0,0.0,0.0,2.87485647841,1.07761333563
0.0719852025203,0.0,0.0,0.0,2.37723604823,1.80510370502
1.31573125592,0.0185418450344,0.0,0.0125245148607,7.57889188473,3.16035282095
1.27085684283,0.0,0.114561232418,0.0,3.77695087275,0.0
0.70395162145,0.0,0.242375357581,0.0,4.0830759278,0.52929445554
0.663660069986,0.0,0.0,0.0,4.43806489339,1.17253747275
0.943188652527,0.0,0.0,0.0,8.44500513691,1.23614551103
4.54660240333,0.0,0.0,0.0,1.63091938585,1.46841837656
1.99822068047,0.0,0.0267270120476,0.0,7.31065625241,2.27619671828
2.13994007136,0.0,0.0,0.0,0.0,0.0
2.53261873215,0.384278538443,0.0,0.0927054919943,4.35454744986,4.06204975441
0.859389779794,0.0,0.0,0.0,2.2911581375,0.551265767637
0.893651721682,0.0,0.0,0.0,2.26261956706,0.561820733959
1.16522506637,0.0,0.0,0.0,3.31250960156,0.0290387790213
6.26893841566,1.29681827847,0.0,0.0,6.90008440976,0.0
2.38712665666,0.0,0.0,0.0,2.56752853047,0.0
2.24065140744,0.645677085474,0.0,0.0,9.16779130283,0.800495632577
1.24987393564,0.226359164668,0.0,0.0,9.29163029238,0.0750931285315
0.0,0.0,0.0,0.0,3.97839995432,0.0
0.475592644539,0.0,0.0,0.0,0.0,1.87388382435
0.0,0.657699016188,0.0,0.0,0.478152560497,1.50019723286
0.970613254204,0.354139940067,0.0,0.0,8.12424077275,0.91048765501
1.92562153206,0.0,0.0,0.0,8.55513911143,2.80235231719
1.69247771046,0.0,0.0,0.0,9.17446314742,0.192702920134
1.57843892341,0.0,0.384257531879,0.000708219814197,9.29514992119,1.92219765514
2.54881000419,0.0,0.0,0.0,7.54716793222,1.26808212772
2.10249372563,0.0,0.0,0.0,7.52142782787,1.51370935758
1.59272135943,0.21171001866,0.0,0.0444421478859,6.90373006198,0.0
4.64954359614,0.0,0.0,0.0,4.01343732706,1.0084843191
0.780586252841,0.0,0.0,0.0,10.373370634,0.230874164004
3.38489051711,0.471326561044,0.0,0.0,6.96704332923,0.0
0.0,0.0,0.0,0.0,5.06858843666,0.0
2.15765482572,0.0,0.0,0.0,2.83590387526,1.1214971642
0.666101473088,0.0,0.0,0.0,9.50907735119,3.49487744883
1.79719057128,0.0,0.0,0.0,4.40722327105,0.0
0.0,0.0,0.0,0.0,0.406950776073,0.0
5.13874900939,0.0,0.0,0.0,0.359833122387,0.0
4.58487242001,0.0,0.0,0.0,7.53432030222,0.696426650336
3.18310273279,0.0,0.0,0.0,9.55229591792,0.922065942805
0.718229349344,0.411599240967,0.0,0.0,3.67294005817,0.0
2.37087652888,0.776169081879,0.429820737895,0.0,2.06823736571,0.297177281033
1.21935283697,0.0,0.0,0.0,7.6976142718,0.0
2.37514565843,0.625270080857,0.17825413826,0.0,10.0678821446,2.48127677927
5.66757463714,0.0,0.0,0.0618287582212,3.30523623041,0.0
1.73277017296,0.0,0.0,0.0,7.26865855023,0.0
3.13827573389,0.0,0.0,0.0,10.2332771027,0.0
4.56286291969,0.0,0.0,0.0254998402827,2.77888863768,0.0
1.56912575453,0.0,0.0,0.0,3.89252662722,0.0
2.33290201284,0.0,0.0,0.0,3.87239951745,0.0
1.62505044135,0.0,0.0,0.0,5.94698884124,0.0
0.00543619198917,0.0,0.0,0.0,0.311125438232,0.635440958763
0.0195376619421,0.0,0.0,0.0,3.35187378035,0.967295145288
2.06590742999,0.133807951593,0.0,0.0,1.86808348867,1.39727926236
5.28947885911,0.125552152035,0.0,0.0,7.26665742124,3.30703844007
3.45315075813,0.0,0.0,0.0346247954496,4.4567367055,0.255629998389
3.88198430338,0.0,0.230828828417,0.0,7.13510478025,1.52374583595
2.87480726179,0.377140034419,0.0,0.0,27.1397819802,0.0
0.876679236292,0.0,0.0,0.0,2.59344080677,1.97150969413
0.0,0.0,0.536680641687,0.0,4.14833992163,0.0828937740957
0.654950911412,0.0,0.0,0.0,8.90462842188,0.0
0.0,0.0,0.0,0.107113335591,2.97269222708,0.0
4.94180444082,0.380202709937,0.171780294565,0.0,14.7512819073,1.43323796011
3.63551791669,0.0,0.0,0.00998440476,1.97009873506,2.1577917863
0.226756085649,0.0,0.0,0.0,0.86693078546,0.0
1.29281098089,0.0,0.0,0.0,2.08934686193,0.0
0.821206104773,0.0,0.0,0.0,3.37687277602,1.74505444887
0.0,0.147945720975,0.0,0.0,1.36030376507,0.0
0.858014927747,0.0,0.0,0.0,1.58655894136,0.0
3.49587237463,0.0,0.0,0.0546257084727,3.81622590894,1.82890322388
2.27657203189,0.0,0.0,0.0,4.69967532567,1.20295295171
2.82391182867,0.0,0.0,0.0,5.25493048996,1.70406560754
1.14822002369,0.0,0.0,0.0575276522034,11.2002947895,0.0
4.3133276664,0.0,0.0,0.0,2.55607550303,0.0
1.35180007773,0.0,0.0,0.0,0.877061431775,0.0
1.85692892884,0.0,0.0,0.0,1.69507610172,0.322220007226
0.0,0.0,0.0,0.0,2.86970269257,1.38021417668
3.19990963755,0.0,0.0221270147215,0.0,9.38526120835,1.37928625879
3.16309027606,0.521693703845,0.0,0.0,7.75053605865,0.0
0.0,0.0,0.0,0.0401853245572,0.0,2.19456415687
0.0,0.0,0.0,0.0,3.50677105491,0.0
1.31998151762,0.0,0.0,0.0,2.56395498953,0.615227411981
2.84698721059,0.0,0.0,0.0,14.2771336236,1.32614805051
3.03708493852,0.0,0.0,0.106039156513,5.8996964491,1.28460737131
0.491847097047,0.558587559669,0.0280683853418,0.0,2.59535217152,0.146030990236
1.59907326247,0.382280535698,0.340444040624,0.0,0.725128943271,0.0
0.0,0.0,0.0,0.0,3.27973584001,0.0
1.03455787353,0.0,0.0,0.0,0.0226002940332,0.323198896715
2.39865536569,0.417376406152,0.0,0.0,5.78021202666,1.16913466288
0.0,0.238050690565,0.0,0.0425747839879,5.7983979543,0.379585778827
0.200423474493,0.00485809555377,0.0,0.0,3.21553032421,0.0
1.2233616637,0.0,0.158427733684,0.0,4.98337891361,1.43379144049
0.510832499341,0.0,0.0,0.0,0.0,0.0
0.575947500286,0.0,0.0,0.0,5.19508912892,0.0
4.21265013864,0.0,0.0,0.0622342185114,4.32496877581,1.84782980656
0.898718595985,0.0,0.0,0.0,0.0,0.0
1.64327287614,0.0,0.440409173085,0.141305292121,6.71334133333,0.0382327322178
3.30334460035,0.0,0.0,0.00700269793591,4.80611882055,0.713484120287
3.29514805974,0.0,0.00484059547509,0.0,14.621488944,0.0
1.83236750909,0.0,0.0,0.0,5.56396658579,0.620458080127
1.16978045389,0.0,0.0,0.0252248926444,2.08966386831,0.0
1.5335848195,0.0,0.210414475031,0.0,9.31706655096,0.0
0.892530931229,0.0,0.0,0.0,0.861929656038,0.0816441804579
1.04067272071,0.305677572748,0.0,0.0,0.049550601085,0.0
3.50695869599,0.0,0.0,0.0,2.70557824559,0.0
2.20631431587,0.0,0.316277491917,0.02555662783,9.75426019652,0.377518967942
1.78271987693,0.0,0.0,0.0,2.54083610496,0.00933093180069
4.18137725911,0.505458499794,0.212941521611,0.0,1.07571957604,1.51742715988
1.53313957475,0.0,0.227776982396,0.0,3.71208133666,1.00309943757
0.0,0.0,0.0,0.0,4.44536280007,4.280653598
2.60594118696,0.0,0.0,0.0,3.2284043838,0.0
2.78969540766,0.0,0.0,0.0363231093527,6.79524127426,0.527344750575
1.20322847468,0.153761353934,0.0,0.0758956256204,3.87836208177,0.787066409129
1.37288693386,0.0,0.0,0.0,1.57254633621,0.0186046330044
0.895297646638,0.145552146656,0.0,0.0383178764064,17.2965095083,0.111708932647
4.51705181929,0.0,0.267613470635,0.0,0.0,1.43346660765
3.61381160429,0.0,0.0,0.0,5.54408549555,1.95620456609
0.0,0.0,0.0,0.0,1.68034861098,1.83545359357
2.07788550863,0.66819833566,0.0650531063197,0.0,2.79982216123,0.565088710434
3.0088395746,0.0,0.321031176934,0.0,3.15954468041,0.666689686852
1.27915658583,0.16703941982,0.0,0.0,7.983201679,1.49267542384
1.33703063634,0.00604632059903,0.0,0.0,15.2953104619,0.238555231582
3.68788677154,0.0,0.0,0.0,9.59874261332,2.07082162752
2.62864036584,0.334869085691,0.244756565709,0.0,3.4211343444,1.42027740025
1.47909104594,0.0,0.0,0.0,8.11253232062,5.42435454131
2.13873414526,0.0,0.0,0.0,4.81753898271,1.37807236305
1.26685399526,0.0,0.294329993982,0.0,4.13660226531,0.404376473295
0.0,0.0,0.0,0.0,0.0,0.0
1.25610113215,0.0,0.0157028942284,0.0,10.0477177234,2.92836456243
2.77861371604,0.0,0.0,0.0,16.1677560278,0.0
2.33913161025,0.211335227598,0.0,0.0,3.87340977139,0.0
0.694310103774,0.0588007561924,0.0,0.0,1.05045695172,0.0
0.52296516992,0.0,0.0,0.0,5.0029781236,1.55103953903
0.807845027726,0.2076048105,0.0,0.0,12.0697196847,0.0
1.13571003164,0.966524057672,0.0,0.0,1.53337922581,0.853270393161
4.11796395365,0.0,0.0,0.0,1.56050626438,2.18236566767
0.447681932995,0.0,0.0369023215397,0.0,12.7127086254,0.181684466391
4.33514929412,0.0,0.427397469762,0.0,2.57627598248,2.35628950103
0.0,0.0,0.171189748984,0.0,2.2485708596,0.0
1.19144007944,0.511769395799,0.0,0.0518986370186,13.4162219282,0.603681923138
2.29740718081,0.0,0.205126327737,0.0,1.63612913916,7.61353972798
2.75523276735,0.0,0.105628762787,0.0,8.49055492944,0.175182929274
0.0203543121773,0.0,0.0,0.0,4.79024053676,1.20482837505
0.950662071512,0.0,0.0,0.0,2.71781908129,0.0
1.19438264422,0.131121359982,0.0,0.0654223255685,5.35312479859,0.3887804555
2.40469656029,0.0,0.0,0.0,11.6749945824,0.596261943214
3.64015438146,0.0,0.0,0.0,0.537236643212,0.0
2.65481267987,0.0,0.0,0.0,4.51320193758,0.00251793957608
1.89676972464,0.0,0.0,0.0,1.03981755023,0.646244803163
1.85387005723,0.0,0.0,0.0,1.50675875759,1.31527993275
1.23490768765,0.0,0.0,0.0,2.01121438471,3.55805921864
0.934568893469,0.0,0.0,0.0,6.57057342693,0.0
1.41665949317,0.0,0.0,0.0,3.4766411232,6.87740501909
2.74081799084,0.0,0.0,0.0,5.1328706801,1.6419477252
0.690292644862,0.0,0.0168866609383,0.0,2.62997133124,2.89383608445
0.631055187704,0.179048532325,0.0,0.0,2.41532345449,0.0
0.958033498192,0.290856220057,0.0,0.0,12.4918167753,0.0
0.01282679451,0.0,0.0,0.0342646314951,7.77125861785,0.88119919193
1.262433835,0.0,0.0,0.0,6.85234334077,2.90242113005
2.38311411182,0.0,0.257927601596,0.0,8.59099819238,1.34522727451
4.16438271514,0.0,0.0,0.0,1.0515950905,2.49722669984
2.63839497133,0.634569488017,0.0,0.0,1.636026761,0.0
1.33792109852,0.57383247837,0.0,0.0,5.51525749652,0.719334643321
1.30784178989,0.453169821995,0.0,0.0,12.274396642,0.0
1.69528807669,0.390480207385,0.0,0.0,4.20258107017,2.92891794996
1.62320598223,0.0,0.20131918952,0.0,10.106150621,0.71869371937
0.0,0.0,0.0,0.0,8.21145824064,0.836713487883
2.33230023397,0.0,0.0,0.0,1.4201701145,1.19533284246
2.18249225978,0.0414698360118,0.0,0.0,10.4533788127,0.0
3.57231234213,0.0,0.0,0.0,4.50670840831,0.0
0.694451724049,0.568655471036,0.0,0.0,5.59359561903,1.90631950356
1.39726282423,0.0,0.0,0.0,2.03007684598,0.0385844193856
0.142399865978,0.0,0.0,0.0,3.58647832274,1.33470917912
3.97427414403,0.294700172324,0.251080261133,0.0,5.57278291874,2.92651591757
0.0,0.0,0.0,0.0,9.30680678766,0.0
0.981822215598,0.0,0.0,0.0,0.918428183123,0.0
1.20079242368,0.504988028448,0.0,0.0546761304663,1.38607443305,0.194133494091
2.11545000683,0.0,0.0,0.0,2.10330274547,3.31023745155
0.321018809137,0.0,0.0,0.0,11.8790908781,2.17998691718
1.41195063586,0.0342605621884,0.0,0.0,8.45305755066,0.371025105392
2.24012301267,0.0,0.103263984041,0.0,1.46667210832,0.0
1.71681218962,0.0,0.0,0.0,2.47866692765,0.0
1.48350266184,0.0,0.0,0.0629472359832,7.14479648556,0.0
0.687547934427,0.443323169734,0.0,0.0,2.05553837091,0.0
4.91915918755,0.0,0.0,0.052337439101,3.74829190538,2.08952088501
2.90086561179,0.00679895641943,0.0,0.0,10.809814186,1.63145778581
4.29798165957,0.0,0.0,0.0,0.730168105694,0.20572300176
1.59371782749,0.0,0.0,0.0,2.23394516337,2.37609402131
1.89182878786,0.0,0.0,0.0,1.41329367948,1.04813466089
2.18935566551,0.0,0.0,0.0,6.84661958122,1.34106161798
5.48239990921,1.35056366979,0.0,0.0,3.52093711199,1.4803359494
7.0019888288,0.0,0.0,0.0,0.0,0.0
3.75975041631,0.0,0.0,0.0,1.32458485214,0.0
1.07861677399,0.0,0.0,0.0,6.11547626507,0.0
1.2329119001,0.0,0.0,0.0,2.58194025579,1.05188217785
4.31229089652,0.0,0.0,0.0426482942841,7.1228883625,0.524332273777
3.40185240142,0.0,0.0,0.0,9.98191133344,1.10479382592
4.66710501223,0.0,0.0,0.0,5.01936458106,0.0
1.37323283882,0.0,0.0,0.0,13.7000456264,0.762158160352
0.145269924532,0.645915792234,0.0,0.0,5.56893972186,0.0783686361962
2.41468845085,0.0380021266185,0.0,0.0,5.59776533006,1.49406563352
2.11701957289,0.0,0.0,0.0,2.27154683375,0.0
2.2325702551,0.0,0.0,0.0,4.77418882573,0.0
2.18177515343,0.0,0.0702880243451,0.0,4.52843238936,0.0
6.01997727342,0.205667386666,0.0,0.0,0.961234719575,1.2915268018
1.23252977996,0.0,0.0,0.0,8.18975598842,0.114867225675
3.29942300786,0.0,0.0,0.0,4.55994487278,0.0
1.25560803975,0.0,0.0681458839914,0.0,7.23925615762,0.0
3.33405583075,0.0,0.0,0.0,2.99566991785,0.0
2.15247179232,0.0,0.0,0.0,1.78609480416,1.95469077749
1.25152248828,0.0,0.0,0.0,7.59663846548,0.0678074613824
1.67117000026,0.0,0.0,0.0520269090067,3.14496885585,0.856627838608
1.44226232032,0.241234706745,0.460438987191,0.139833559534,19.119391507,0.752756108299
0.0,0.472913484573,0.0,0.0,2.28314292742,0.0
1.125818505,0.0,0.0,0.0,6.79185783498,0.0496392377297
1.56861560308,0.134989649771,0.0,0.0,9.87591743752,0.90453455555
0.0,0.0,0.0,0.110238591732,0.735217261824,0.122185649558
1.89555457889,0.0,0.0,0.00323620852009,10.0832347052,1.7433681347
4.10026047897,0.0,0.0,0.0,2.10539106278,1.4304460823
1.09218425391,0.679750552452,0.0,0.0,3.24806921815,0.930814639874
3.38398598487,0.0,0.234366144642,0.0,6.032551555,0.763664146154
0.0,0.0,0.0,0.0,6.8665944703,0.0
0.425009260074,0.0,0.0,0.0,0.489881106609,0.575987237821
3.2890175331,0.529718845992,0.0,0.0,5.28083669176,2.49374597087
0.0,0.203226884893,0.0,0.0,0.0,0.43099453878
0.978536303813,0.584392654559,0.0,0.0,8.18322932672,0.0
2.96839380519,0.0,0.0,0.0,6.92474242607,0.0
2.81099333807,0.0,0.0,0.0,9.66389030898,0.260785724798
1.23374313052,0.0,0.0,0.0,5.06829226622,0.0
3.84795824774,0.0,0.0,0.0,0.826090993622,0.112153355705
0.695605254936,0.0,0.0,0.0,1.06386844178,0.0
1.87179645802,0.0,0.0,0.0,2.15447214581,0.0
1.62229505223,0.0,0.0,0.0,2.03945698942,0.0
1.77580475328,0.0,0.152058799181,0.0,9.28830830625,0.351013563271
1.73023019849,0.0,0.0,0.0,0.393954221708,0.0
0.903511198791,0.382863889894,0.0,0.0,8.33868067793,1.90246938267
2.18152401798,0.0,0.0,0.0,1.88247239707,0.30983967943
2.57775889974,0.369290447421,0.0,0.0,6.03402017656,3.28659145256
3.47333093696,0.0,0.167555403103,0.0,12.7809117857,0.871026831853
3.5892247383,0.147360507231,0.340059849975,0.0,1.93816564076,0.0
0.236649664979,0.0,0.0,0.0,3.2268350978,0.0
2.02895585907,0.0,0.0511582912016,0.0,4.1654405356,0.128011968412
1.82051055849,0.0,0.0,0.0,0.933214693958,0.11590423386
1.96311101387,0.00453933428118,0.0,0.0769412247768,5.6571369323,0.977812834769
6.59715896609,0.0,0.0,0.0,7.09720090371,2.82251905305
3.79404047722,0.661017409084,0.0,0.0,2.15663305406,0.108637140622
1.81708661871,0.864159460827,0.0,0.0,7.21480034713,1.5668744391
0.0,0.185237953962,0.0,0.0,3.05966580395,1.27733157587
2.67126640468,0.0,0.0,0.0,1.86502472643,0.0
5.98767209626,0.0,0.0,0.0,0.233475838365,0.0
2.28933900712,0.0,0.0,0.0,5.71321488026,1.40133282608
3.0514032425,0.0,0.0,0.0,1.1760975966,2.20225582746
2.71999605653,0.0,0.115481301691,0.0,4.64080024218,0.0
1.21474631197,0.0,0.446318294331,0.0,11.6152371387,0.48075642906
2.42304371707,0.0,0.0,0.0,6.31840532513,0.0
0.534965047512,0.0353205028833,0.276124063946,0.0,4.87776196951,0.605167260621
2.64109747889,0.0,0.0,0.0,0.727860153736,0.0
0.911262601155,0.0,0.205870158211,0.0,5.85005093877,1.165775494
1.80213886006,0.0,0.0,0.0,7.67737797219,3.83757738379
2.30722158022,0.0,0.0622986155325,0.0,8.7689979401,0.202226645893
1.12068495045,0.0,0.0,0.0,3.64235443541,0.0
4.48929302742,0.0,0.453852438866,0.0,6.37802592279,0.598903140782
0.234799009037,0.258452143034,0.270619283023,0.0,9.18538516173,1.43618317568
0.950040622067,0.0,0.112734827503,0.0,2.91735239753,2.00092313689
1.6184347938,0.0,0.0,0.0,2.50949841546,0.0
0.182422881783,0.0,0.0,0.0,2.68705585318,2.40402432892
1.58203819494,0.102075495977,0.0202433189558,0.0,7.63489553339,1.22444030941
4.62232291008,0.0,0.0,0.0,4.81207479378,0.0
2.44636051353,0.0,0.27763804406,0.0,11.8781713396,0.0
3.50155572476,0.0,0.0,0.0,8.14524798262,2.0462707132
2.68404524652,0.0,0.0,0.0144571172909,0.0,0.0
0.0,0.124227440416,0.0,0.0,2.19663171409,0.0
0.734591582744,0.0,0.0862408821212,0.0442485195791,4.99253497277,1.82212158396
0.0,0.0,0.438875387364,0.0,2.25104794782,0.0
2.23568871859,0.0,0.345057244519,0.0,13.3580781125,4.15802309672
2.76961460212,0.0,0.0,0.0,2.58888168112,0.0
0.716166177854,0.0,0.0,0.0,2.77441680263,0.27597552412
3.76086841039,0.533302195762,0.0,0.0,5.43866986926,0.0
0.487918332486,0.0,0.400232206468,0.0,3.64030582342,2.70974667718
2.1391121071,0.0,0.0,0.0,9.99123753893,0.261539285137
0.79308787511,0.513459022171,0.592027610741,0.0,7.32486788903,1.2394166587
1.3725257422,0.0,0.0,0.0,1.86887747205,1.17985385807
0.91369916249,0.0,0.0,0.0,3.91942928614,0.917917864424
2.59471765963,0.0,0.254327558529,0.0,3.08160239738,0.0
1.42188034563,0.0,0.0,0.0,11.9659305073,2.61467517044
0.756979294507,0.0,0.0,0.0,6.68922077564,0.886546800642
0.0,0.0,0.0,0.0426175080067,2.99048797259,0.0
3.53699375133,1.22416538832,0.0566322312502,0.0,10.6365285862,1.04755425726
0.0,0.0,0.0,0.0,0.278108595725,0.0
1.87057330033,0.0,0.334693413471,0.0,9.07564104907,2.20350896775
0.401758473167,0.0,0.0,0.0,5.37084372061,0.0
0.581537333115,0.0,0.0,0.0,5.64572498277,0.0
1.00322031842,0.69904281778,0.0,0.0,2.16295494869,0.0
1.39472115878,0.676461750969,0.148041264316,0.0,6.41082667512,1.10981094769
2.14071309335,0.569419603797,0.0,0.0,1.19078864163,1.20756765371
3.18332571022,0.0,0.0,0.0812622501924,6.05932046521,0.0
3.07900259117,0.0,0.0,0.0,3.26205594375,0.0
2.77516172217,0.0,0.0,0.0,8.76195405259,1.7603803711
1.94678343646,0.0,0.0,0.0,3.39371189061,1.45751835827
0.0,0.34802409384,0.0,0.0,7.14210347209,0.0
1.6705381774,0.0,0.0,0.0,0.708292545933,0.0
1.59252021725,0.0,0.0,0.0305198667296,5.00226655274,1.11655765746
0.988023685001,0.0,0.0,0.0,8.09688222757,0.0
1.20709495943,0.0,0.0,0.0,5.16230015856,1.50423400661
0.701798244618,0.0,0.0,0.0,4.39339738489,0.589467429011
1.9568291885,0.140163812645,0.0,0.0,6.09323057533,0.0
0.522905242758,0.0,0.0,0.0,1.70778319465,1.01817405831
0.341046493432,0.0,0.0,0.0,0.919361503804,0.0
0.483751016142,0.0,0.0,0.0,1.98406547317,0.0
1.07656379557,0.439693133201,0.0,0.0,5.44131832627,2.24711103106
2.44816960442,0.172762896092,0.0,0.0,6.77714096538,0.0
2.78502888782,0.0,0.0,0.0,0.168132722915,0.0
3.30171336171,0.0,0.0,0.0,5.85967213708,0.0
2.22310599929,0.043244173427,0.0,0.0,10.1069944894,0.0
2.10594788397,0.0894436511253,0.0,0.0265477062146,0.0,0.0
0.0,0.0,0.0,0.0,2.39318542987,1.42821993358
1.57957095618,0.511972253203,0.0,0.0,2.00397786183,2.4023454151
1.10875808436,0.0,0.30776933529,0.0,7.2736291,1.38430059026
0.716311889517,0.0,0.0,0.0,3.57304815161,0.965135247704
0.475320763712,0.455944379586,0.223861098689,0.0,4.46751757978,2.7282255049
1.37951133149,0.83096837164,0.0,0.0,6.61132019405,0.0
2.74690986802,0.0,0.0,0.0,3.15910064749,0.653832584071
1.29040137243,0.0,0.0,0.0,3.2225871764,0.0
2.2063331339,0.323991067277,0.0,0.0,5.5108588689,0.0
0.205560176175,0.0,0.0,0.0,5.87414961189,1.93611471522
4.22484764979,0.0,0.0,0.0,2.69467432746,0.0
0.372044739251,0.0,0.0,0.0,3.27512247846,0.0106434513003
0.0125448135302,0.0,0.0,0.00174777191035,2.28965911055,0.0
5.67993914638,0.390751164375,0.0,0.0,9.11033674099,0.936923296233
2.91113496701,0.0,0.282553978514,0.0,5.88844387027,0.787594018814
0.633934194016,0.0,0.0,0.0,4.0194440745,0.0
1.09227253961,0.0,0.0,0.0,3.16011881548,0.149185586001
1.87777237335,0.0,0.335379406103,0.0,3.04710327446,0.0
2.41723410092,0.481901976363,0.0,0.0730667034517,3.81626927961,1.12282036507
2.18028542311,0.0,0.0,0.0,2.50064143569,0.0
0.346176906038,0.0,0.0,0.0763922953201,4.1184504268,2.48156735548
0.586199658778,0.0,0.0,0.0,6.82488202707,3.18960148709
0.327667803821,0.0,0.0,0.0,8.3075466731,0.580766405435
3.04917532393,0.0,0.0,0.0,2.7303993906,1.3998447595
1.93986670704,0.0,0.0,0.0,3.46814181866,0.408847094216
1.39861060286,0.0,0.0,0.0,1.92208443977,1.90355852505
0.00980387869707,0.0,0.0,0.0,3.68724859216,0.0
1.95646493121,0.0,0.0,0.0,3.60359568106,0.0
0.0,0.0,0.267262026522,0.0,1.81438862159,0.0
0.0,0.0,0.0,0.0,6.64195998111,3.6244076907
0.64585029797,0.0116876416823,0.0,0.0,6.62662315456,0.51942166551
1.32543973795,0.0,0.0,0.0,4.58562063987,3.33271018306
3.3538343476,0.77845131654,0.0,0.0,1.25913372201,0.594208344193
1.79412217625,0.0,0.266252919826,0.0,5.27644365102,0.401695330739
1.95286450688,0.445801123657,0.0,0.0,2.86994536638,0.0
0.390932717548,0.0,0.0,0.0,1.70416526463,2.07316753598
1.91962721113,0.0,0.0,0.0,1.17791326218,3.00354623162
6.31223307859,0.0,0.0,0.0,4.73239766011,1.3806470067
4.41217161026,0.0,0.0,0.0,2.89659095177,0.269032427135
1.17149266877,0.0,0.0,0.0195798446903,0.193358196676,0.0
3.77845158379,0.0,0.235928580112,0.0,6.94607018525,0.447403637247
1.4463269474,0.471969347923,0.00105834953966,0.0992891822254,6.17180394719,1.23925601094
3.09274876798,0.0,0.0,0.0,2.4282731983,1.52639165176
0.418651927812,0.358381118287,0.452075649178,0.0681893692876,6.47926517982,0.0
1.71955217251,0.32061609842,0.00530471821791,0.0,1.7451244267,0.0
1.63709966375,0.0,0.137174264784,0.0,3.26540648532,0.917811501113
3.4414199264,0.85163470081,0.0,0.0,2.29394539199,1.23341154002
0.907646705505,0.0,0.0,0.0,7.21087477393,0.0
4.43387951909,0.0,0.149343888163,0.0,3.55714501132,1.50833430613
0.0,0.0,0.0,0.0,1.50722415358,4.01097721804
1.11983257766,0.0,0.0,0.0,1.67505963501,0.172370762082
1.31855042952,0.498464098621,0.0,0.0,2.71937291022,0.0
0.870757249403,0.0,0.209648173491,0.0,3.12173963834,0.920627802614
1.77664425213,0.0,0.0,0.0,0.46702036897,0.997443416943
3.84169542188,0.150506890337,0.0,0.0,9.9429128271,0.1924429615
4.39392613287,0.0,0.51282056997,0.0,3.68238441661,2.54981165934
2.50480424123,0.0,0.358645437656,0.0,3.05655561623,1.94070521648
2.06398555068,0.0,0.0,0.0,3.65000786406,1.94895853758
1.10843854498,0.0,0.43931577513,0.0,2.31809869161,2.92971766308
1.89557922448,0.508202658429,0.0,0.0,9.59041246089,1.12069699245
2.94084226491,0.0,0.0,0.0,9.76514138849,1.88110911648
0.111618166603,0.0,0.0,0.0,7.23245095493,4.57490374372
3.05541408913,0.0,0.0,0.0,11.442733015,1.48323940332
2.60118543077,0.178732606471,0.0,0.0,9.30573528647,1.34666870505
0.77482969054,0.905213509669,0.0,0.0,12.0848828173,2.40873189989
0.465053299497,0.514767530085,0.10909592532,0.0,7.42419720689,1.48355493993
2.86502972904,0.0,0.0,0.0,4.73761883144,0.0
0.0,0.0237970369776,0.0,0.0,3.75199916237,0.0
0.859708675187,0.0,0.0989666028397,0.0,1.47885049103,3.9440799614
0.990795876695,0.0,0.0,0.0,6.51415916018,0.0
2.67489351424,0.0,0.0,0.0594035784017,1.41069125719,1.10284882435
1.16368502177,0.0,0.0,0.0,2.18522483165,1.70158981925
0.0,0.0,0.0,0.0,8.87474583564,0.0
0.0,0.0,0.0,0.0148635127446,0.0,0.0
2.73642220417,0.0,0.376409354283,0.0643117573739,4.57554116122,0.0
1.33195235967,0.0,0.0,0.0,0.0,1.597968311
0.407765470222,0.804828776476,0.0,0.0,0.564637971802,0.0
2.32454377929,0.0,0.0,0.0,6.4408842919,2.21029920776
0.124775153046,0.0,0.0,0.0,0.900487516108,0.411855979582
0.0,0.0,0.0,0.0,0.0,0.0
1.9872356503,0.0,0.0,0.0,9.51660792206,1.38949248471
0.0,0.0,0.0,0.0801527273601,1.09463353707,0.0
0.0,0.0,0.0,0.0,3.7888367302,0.978036680931
1.1470301051,0.0,0.0,0.0,4.73616262209,1.92783658781
2.85689649763,0.0,0.0,0.0,2.53279276012,0.0
3.18709401477,0.0,0.0,0.0,0.0,1.77531197598
0.923368374757,0.0,0.0,0.0,5.86059993459,0.557358169727
2.0222623648,0.0,0.0,0.0,5.25513373881,1.18796445573
0.581865243342,0.0,0.0,0.0,2.31858648953,1.0720566469
2.34659980849,0.0,0.0,0.0,9.30755946524,1.04072919057
0.0269804887325,0.0,0.0,0.0,11.0071588161,0.620669522861
3.31838022011,0.916760611846,0.0,0.0,4.28363731336,2.22611713405
10.0145691793,0.0,0.0,0.0,13.6688840199,1.28815714282
0.207573352939,0.25226032188,0.0,0.0207124486719,1.60911381693,1.65557851558
2.70166248994,0.0,0.0,0.0,3.64181956631,3.22544688535
2.24208779993,0.0,0.00647630359133,0.0,17.9875033563,0.0
1.5882687186,0.0,0.0,0.0447625920513,5.41425252936,0.0165276962454
6.10603493691,0.342261581381,0.397571712463,0.0,9.60202380087,0.371246164541
1.74504764884,0.0,0.0,0.0,3.27289946849,2.16047788315
3.19461008208,0.0,0.0,0.0,3.33703383385,0.386474878814
1.29858016893,0.0,0.0,0.0,7.09905638442,0.0
0.571682183613,0.0,0.0,0.0,2.99306427918,0.0
1.42903122786,0.562749908511,0.0,0.0,9.7897078136,2.86271015858
2.72540087001,0.0,0.0,0.0749856083773,9.77787331873,0.872731013105
0.790811441222,0.0,0.0,0.0,2.23300784624,0.0
1.34975025667,0.0,0.0,0.0,5.49376217528,1.63169996796
1.94334006567,0.0,0.0,0.0,0.897126039369,0.0
0.532017506657,0.0,0.216982732988,0.0,2.52127775986,2.06834386298
9.44839308784,0.0,0.0,0.0,3.42119368732,0.0
1.46686372432,0.0,0.0,0.0,2.16437488003,0.0
1.64992754748,0.0,0.281792038451,0.0,2.25844989803,0.612535251715
1.64841928657,0.275935120976,0.0,0.0,5.15058606744,0.971114748229
4.85576149048,0.0,0.0,0.0,9.63664815227,0.0
5.27139223,0.0,0.0,0.0,3.76715515657,3.36624140425
0.565145800877,0.0,0.0,0.0,1.95756841248,1.07411653567
0.782974564523,0.0,0.0,0.0906646979242,8.05300114913,0.0
0.334263662242,0.0,0.0,0.0,5.53548101081,0.0
1.47091303471,0.0,0.0,0.0,18.6406845417,1.29858584377
2.84392882967,0.0,0.0,0.0,4.19721856638,0.0
1.59476962813,0.0,0.0,0.0,1.87364426136,0.686310752149
3.26776719041,0.0,0.107997781633,0.0,6.00935288882,1.71183018401
1.74875537402,0.0,0.0,0.0,6.40524006167,1.22226740674
4.08641232238,0.0,0.0,0.0,0.0,0.0
3.222357875,0.0,0.0,0.0,14.538425704,0.427606735764
0.0,0.0,0.0,0.0,1.08018909507,0.110422737832
1.68466974426,0.0,0.0,0.0,6.86495026646,1.8479633401
2.58694636043,0.0,0.0,0.0,5.92016474866,0.0
0.210900207695,0.0,0.00755757812142,0.0,0.0915402038167,0.0
2.71888425622,0.0,0.184582768882,0.0,4.27843281163,0.61268246593
1.38623441822,0.54698705143,0.0,0.0,4.46613792599,0.775547775893
5.65494906775,0.0,0.0,0.0,7.86903597729,2.68662743978
3.52709343888,0.0,0.0,0.0,6.26398225579,3.17345262288
1.14779180481,0.438797654414,0.00387063783219,0.0,3.32110247168,0.00146895440898
1.4790168919,0.0,0.0,0.0,7.20053506161,0.652976135598
4.7434966148,0.0,0.0,0.0,4.19521476241,4.37069865358
0.032550508621,0.0,0.0,0.0,5.49449494706,4.7439195912
2.83008739234,0.0,0.0,0.0,3.592511375,0.0
3.2514064058,0.0,0.0,0.0,5.79469023324,2.22228037897
2.47952985604,0.149733945886,0.322776625489,0.0,15.6445689661,0.0
1.57909851061,0.0,0.0,0.0,0.445664241923,0.547063979078
1.3968711497,0.0,0.0209808500326,0.0,10.2942646427,0.847558364121
1.7291413697,0.0,0.0,0.0,2.71201656318,4.3434446297
0.90827708213,0.0,0.0,0.0,3.75067779792,1.24253265249
2.85218584124,0.463460989915,0.242793398655,0.0,8.42226144196,0.164832295023
0.441854011853,0.0,0.0,0.0843941113081,3.69645022434,2.72247930282
3.03904564585,0.0,0.0,0.0,1.67195696537,0.0
1.11767660386,0.0,0.0,0.0,7.18293119657,1.81023417488
1.29725376457,0.0,0.0,0.0,2.47287973997,0.0
0.148865672218,0.0,0.171270062756,0.0776018344392,1.63866731321,0.0
2.15168147625,0.0,0.295273766374,0.0,6.36052733768,0.0
0.888500781701,0.0,0.0431513816101,0.0224728635882,3.34271815698,4.00308106884
0.0,0.325733664727,0.0,0.0,6.84393526874,0.0
1.20621583812,0.238780619255,0.0,0.0,6.07392925707,0.0
0.977039829247,0.0,0.0,0.0,4.70974010723,2.44819999883
0.483748565493,0.0,0.0,0.0,5.5599480003,1.89239384475
2.87882826754,0.0,0.0,0.0,8.44152585839,0.0
1.49350974601,0.0,0.0,0.0754178903552,3.65954401521,0.976169062635
1.70544459863,0.0,0.645894314732,0.0,2.35892652969,0.107191672607
2.68311269933,0.0,0.28818790782,0.0240068535458,6.86409124402,3.57191791481
0.449146223522,0.0,0.0,0.0,5.88032157333,1.47976182075
2.80715088725,0.0,0.0,0.0,11.0860240813,0.35941472223
4.07854107682,0.0,0.0,0.0,2.61479574836,0.0
2.40089622309,0.43207982857,0.0,0.0775470098185,7.51118693189,0.0
0.211172777987,0.0,0.0,0.0,10.1932314408,0.652738529942
2.49307129988,0.0,0.0,0.0,3.22104991954,0.0
3.25634405584,0.679261149084,0.0,0.0,5.2311534358,1.74473336707
1.10902761921,0.0,0.0,0.0,4.95482323234,1.50174968683
1.90729799776,0.331754236518,0.0,0.111422821897,4.20749560327,0.168640326102
2.29965396896,0.0,0.0,0.0,3.25637588961,0.0
3.36338104585,0.0,0.242988162998,0.0,8.33019755067,0.12787591449
2.30067049595,0.0,0.0,0.0,0.316423504645,0.742351030849
1.9233430172,0.0,0.141879515998,0.0,12.2120419104,1.07761437085
0.646475841314,0.0,0.0,0.0,1.79394502415,1.70729589652
1.95590909225,0.0,0.0,0.0,1.15353027906,0.375441761535
1.76148943764,0.0,0.0,0.0,3.15220667119,1.37756959789
1.70867794669,0.0,0.0,0.0,10.1882581046,3.20417208445
4.66145093651,0.204299283096,0.0,0.0,9.02020386279,1.18057424784
3.71919972563,0.333899654934,0.0,0.0,0.977827497524,0.718215701974
4.84137282526,0.0,0.395187260213,0.0,2.49074047262,1.43781684496
1.24276933712,0.0,0.0,0.0,2.99586255103,1.60086783713
0.0164067569342,0.0273468603223,0.0,0.0,0.0,0.0
4.11723981348,0.0,0.0,0.0,5.40691716779,0.668857718997
0.531800443698,0.396090025627,0.0,0.0,3.72708083425,0.761886564385
1.75094274508,0.0,0.0,0.0,6.9149259174,0.0
0.0,0.0,0.0,0.0,8.17965075976,0.0
0.535336466648,0.676395667956,0.0,0.0,1.12891654908,0.0
1.0209119224,0.0,0.0,0.0,6.00663324188,1.68561554721
3.74127367389,0.187246743252,0.0,0.0,4.61430706769,2.64737422622
0.599874848017,0.0,0.0,0.0,5.42440032585,1.57288576249
0.976251384409,0.0,0.243715034863,0.0,2.15689848291,2.39729361143
0.0968050758061,0.0,0.0,0.0,8.30671946003,3.4774559207
2.81441643734,0.0,0.0,0.0,1.33468964689,0.0
0.843254707153,0.0,0.0599256653681,0.0,6.59751870198,0.584392784408
0.0,0.0,0.0,0.0,3.46661183489,0.0
1.2171022143,0.0,0.0,0.10952465877,4.29212673385,1.40908494981
3.74155306951,0.0,0.0,0.0736228688203,3.09918441678,1.0893611878
0.858761339841,0.0,0.0,0.0812718630664,5.60223786331,0.362461368785
0.212248166098,0.0,0.0,0.0,5.4024213736,0.846323490882
1.32803974396,0.202819599495,0.0,0.0,1.58091572177,0.0242286847582
2.3703819032,0.0,0.0,0.0,6.76622364913,0.0
2.43552721598,0.0,0.0,0.0,8.85690543799,5.9141038634
0.0,0.0,0.0,0.0,0.581018476031,0.0
0.597356047761,0.0,0.385151148898,0.0,8.19981516598,1.74746731162
0.873159553378,0.0,0.0,0.0,5.91482233585,0.0
2.18273565904,0.0,0.0,0.0,6.06381455842,0.862615248802
0.929445941838,0.0,0.0,0.0,2.76353122185,0.96975304473
1.00688979803,0.215509519982,0.258295012418,0.0,6.37113034938,0.0
1.50992090732,0.0,0.0,0.0151041867811,5.85905592898,0.0
0.0,0.0,0.26985441369,0.0,4.29718468077,0.748354419343
1.71148092177,0.417226287173,0.683680702624,0.0,11.299639305,1.24956785699
1.71260959502,0.0,0.0,0.00037545542691,1.01514610067,0.221626966105
0.779569191539,0.0,0.0,0.0,11.4779032353,2.00946427326
2.49740306645,0.0,0.0,0.0,1.76808202,2.27959424181
0.801321790583,0.0,0.0,0.0,4.1363747444,0.0
2.48855525902,0.0,0.0,0.0,3.37576033896,0.0
0.531588193515,0.0,0.0,0.0,5.89657546686,3.14224042347
3.98204825254,0.0,0.0,0.0,4.20351811469,0.0
4.01997309591,0.18008679439,0.0,0.0,2.08329650538,6.3331742621
1.07816217525,0.0,0.0,0.00599898988774,10.571105049,0.847381129849
2.02442490616,0.0,0.224161791415,0.0,9.80013094315,0.143387863894
1.02473523737,0.0,0.0,0.0,2.13334018918,0.0
0.960173490036,0.0,0.0,0.0,7.04877316976,2.40532557704
3.07334750888,0.487323535175,0.0677270386432,0.0,3.96740531289,2.55531131263
1.61400240677,0.0,0.0,0.0,3.38210579836,0.0
1.37035911351,0.0,0.0,0.0,1.15870850921,0.0
2.67856448443,0.299883765374,0.073653913518,0.0,4.59658309018,0.0
1.39351506395,0.0,0.10954330554,0.0,8.24100584965,0.0
1.11864208768,0.0,0.127934815289,0.0,6.08170342988,0.0
1.39657535346,0.0,0.0,0.0,3.4364263003,0.0
0.406171737413,0.0,0.0,0.0,2.97158540641,2.39288105593
2.57730452621,0.0,0.0,0.0,0.0,0.0
5.83723677112,0.416663687206,0.0,0.071447813169,6.90345305678,2.22216565457
0.765096239739,0.0,0.0,0.0,3.89613777636,0.959122812109
1.10546712393,0.0,0.0,0.0,3.07924648975,0.993105874745
1.55185328783,0.420415115601,0.0,0.0,4.3732766613,0.991462109457
0.215425092708,0.0,0.0,0.0,2.32480083516,0.658310562193
1.8501942266,0.0,0.0,0.0,5.57834169486,0.0
1.1699641348,0.598098547857,0.0,0.0,5.63607371851,1.21072167627
2.701336746,0.0,0.0,0.0,4.53454024475,2.03881029151
0.906766836084,0.0,0.0,0.0,5.22449408222,0.8553408398
2.87720705906,0.0,0.0,0.0,8.29623503048,0.0900348875501
2.30578992157,0.0,0.250990247036,0.0,6.4665043336,1.42621658905
2.75205882943,0.0,0.0,0.0,1.60581466709,0.30845750633
2.57801815526,0.0,0.0987907250778,0.0,1.227850445,2.14452156074
0.0,0.0,0.0,0.0,2.96832184859,0.0
3.10914578722,0.0,0.0,0.0,6.60913600887,1.64680284841
0.265417470618,0.0,0.0,0.0,1.90113095883,2.66774652097
2.14203720862,0.0,0.0,0.0,11.2869582864,0.529915785653
0.183164768172,0.356050805492,0.0,0.0,4.50154169443,0.0
2.37409744165,0.801382234316,0.0,0.0,4.21810822454,0.0
1.9264634899,0.0,0.0,0.0,8.11020687069,0.190527565195
0.669413079711,0.0,0.0,0.0,0.594600710904,1.67320763578
3.37258318475,0.0,0.204719264648,0.0,4.58743575559,0.480270573113
6.6911709746,0.0,0.0,0.0,5.60313679109,0.0
0.281265821828,0.0,0.0725841283634,0.0,3.46371269511,0.0
3.66596526918,0.0,0.339426675123,0.0,3.73492352644,1.45504621226
0.233646332579,0.314056591141,0.0,0.0,3.38567380269,1.70947920395
0.672842406273,0.0,0.0,0.0,2.87411284106,0.0
0.646599019445,0.0,0.0,0.0,5.73648994224,0.0
0.439201231093,0.0,0.0,0.0,2.29352363818,0.0
2.75689541079,0.0,0.465118538958,0.0,6.88707699042,1.13586115392
0.0,0.0,0.0,0.0353668780971,1.72884957924,0.780942634554
2.39258661504,0.0,0.0,0.0,6.77364080051,2.19622227701
2.59209461247,0.0,0.0,0.0460035385836,4.44405083642,0.98888142294
0.28644852932,0.0,0.0,0.0,1.50016391466,0.0
1.3054205114,0.0,0.0,0.0,6.96349287891,0.956479309694
2.1861181155,0.0,0.0,0.0,3.51523011823,0.0
3.10287954301,0.0,0.291655647256,0.0,4.05002522269,0.931242243712
3.31861563601,0.196151263126,0.0,0.0,1.6683717827,2.85963973387
0.761169465546,0.0,0.0,0.0,10.1034643962,0.0920374329233
2.02089118259,0.0,0.0,0.0,7.8095987316,2.36771495602
1.20268148861,0.0,0.0,0.0,14.0609487045,0.0
0.152193614301,0.0,0.0,0.0,1.6434966276,0.55876488667
1.92550730289,0.0,0.0,0.0,9.07256269786,2.32673235806
1.06024137935,0.0,0.0,0.0,4.47938559937,3.52015478298
5.73658629182,0.0,0.0,0.0,14.387533799,1.99134249872
4.82223176858,0.0,0.0,0.0218637092185,12.41425758,1.38285121837
0.789706233812,0.0,0.0,0.0198263589565,3.60748132898,0.0
1.40603139651,0.0,0.0,0.0,8.82000337499,1.38701796292
0.919796257606,0.0,0.0626087507593,0.0,2.66486455281,0.0
1.64197622912,0.0,0.250664998474,0.0,3.28606879672,0.883592228487
1.84907883618,0.230626843552,0.325622594282,0.0,5.67770140774,0.587726537092
0.0,0.0,0.0,0.0,1.57299288854,0.0
1.9131268325,0.455021415584,0.0,0.0,3.07859659815,2.12012159558
2.74539211649,0.0,0.0,0.0,10.6104106817,3.28191276551
4.73454850126,0.0,0.0,0.0,3.24225658793,3.42877425293
4.25068847475,0.0,0.190317327021,0.0,8.34620404173,2.18925454881
3.04910170417,0.0,0.0,0.0,5.59186923038,2.05426027395
1.56205849764,0.0,0.0,0.0,3.27098521381,0.0
0.827215759863,0.0,0.0114920224414,0.0,2.79809200667,0.0
3.99389879811,0.0,0.0,0.0,10.1761682381,0.0
2.79046721632,0.0,0.0,0.0,9.43979947246,0.0
2.16508905628,0.0,0.0,0.0,4.43222083021,0.0
0.648557422876,0.0,0.0,0.0,11.9504045197,1.59332788104
2.35917416361,0.0332708934197,0.0,0.0,3.76007515114,0.0
4.8398904071,0.0,0.328858108016,0.0,3.61443180877,0.0
3.94553073363,0.0,0.0150040858744,0.0,11.532803632,0.0
1.5075252423,0.0,0.0,0.0,2.00374800115,2.47925318075
3.07000317898,0.0,0.0,0.0,4.18038950416,0.0
1.35419759863,0.0,0.0,0.0,3.51189361512,0.0
3.54020757109,0.0,0.0,0.0,4.63066709298,0.0
3.22330227622,0.0,0.0413086087716,0.0,1.11578510819,3.97407841899
0.644692141164,0.0,0.0,0.0393261909109,8.32396237814,1.62547406529
3.07201891414,0.0,0.0,0.0,3.61380614926,0.0
2.52362043955,0.468490514238,0.0,0.0,5.33051049367,0.596189776401
0.766871102756,0.139521282911,0.0,0.0,0.0,0.517303211309
2.98271970727,0.0,0.0,0.0,6.43302037809,1.6079616619
2.24984780551,0.441545506076,0.0822981001082,0.101095348466,0.757138053577,2.81213552754
0.891386141109,0.0,0.0,0.0,6.29612814159,2.44467401039
1.28004385597,0.659778708081,0.0,0.0,6.67363914732,0.0
1.01650248643,0.253368765104,0.0,0.0,7.79981822539,0.0
1.58774438316,0.0,0.0,0.0319016099171,5.95381560443,0.377739996868
2.69564631104,0.0,0.0,0.0,5.53658358142,4.65739360179
1.93417792415,0.0,0.0,0.0879456215448,4.36105449476,1.24182215847
0.896794942553,0.0,0.0,0.0,2.66925049546,0.0
4.64305941359,0.0,0.0,0.0,12.6523401431,0.182777188838
4.06092489629,0.0,0.0,0.0,15.0005842739,0.569294489745
0.0,0.0,0.0,0.0,5.57547430394,0.283281889545
0.942523904611,0.0,0.0,0.0,0.0,0.0
5.87357081516,0.0,0.370699739432,0.0,7.92309832004,0.646445974024
1.94571798104,0.222243810491,0.0,0.00541737464805,3.77177424113,0.0
1.87927942146,0.0,0.109108091672,0.056507566084,2.43850406025,1.51652043011
3.85518487591,0.0,0.0,0.111535604678,9.84268647616,1.23342722707
0.51432277037,0.0,0.0,0.0,1.16751018521,0.0
2.49362171701,0.0,0.162741215487,0.169584004501,20.4924566975,0.0
4.77820338695,0.0,0.353880191107,0.0,4.25154780459,1.04277928387
3.06443295728,0.0,0.0,0.0,14.0724589555,1.31681805947
0.729692888039,0.0,0.312688605506,0.0,3.7398593887,2.24242950271
1.95234491749,0.0,0.0408933126535,0.0,6.23911595811,4.26101225588
1.79544362113,0.0,0.0,0.0,4.62298644059,1.49032569748
3.78466454138,0.0,0.0,0.0,5.04679183568,0.0
0.361281527455,0.0362931456632,0.398740678993,0.0,2.80721958587,1.01735259477
0.902788742732,0.0,0.0,0.0,1.75776426557,1.05202535983
1.21714576607,0.628196800831,0.0,0.149448476119,1.36719798728,3.17269226669
0.351821370677,0.0,0.0,0.0,4.90014044728,0.0
0.803436294961,0.553615912479,0.0751172565565,0.0,2.90890788981,0.0
4.28359052404,0.270410740303,0.0,0.0,11.6173995539,0.0
0.615115135394,0.0,0.0,0.0,3.5006921622,0.0
4.21376410114,0.305733942025,0.250884353663,0.0,3.9304197962,1.04259496123
5.44707803783,0.0,0.0,0.0,6.54812608108,2.72005603972
0.13888270178,0.0,0.0,0.0,2.21206151793,2.16311694823
0.942005135461,0.0,0.0,0.0,8.59334122398,0.0144657388743
3.74787990344,0.0,0.0,0.0,4.2169191813,3.64794597535
1.0934766597,0.840970707173,0.0,0.0,3.62560639553,0.596973231469
2.52203972697,0.0,0.352977995149,0.0120056359723,3.11985977739,3.09653231182
2.48259092734,0.0,0.323476966134,0.0,6.750873512,0.0
2.14784091452,0.0,0.0,0.0,1.65554811445,0.17301049714
0.655660660355,0.0,0.00136064569016,0.0,4.16862700566,0.810838893679
1.58031470273,0.0,0.319031119973,0.0518738415343,6.25491201886,0.524639083836
0.170040009034,0.0,0.0,0.0,3.57081805492,0.0
0.484539384009,0.0,0.0796903405048,0.0,7.35978906314,3.6105346987
1.14867575443,0.0,0.122475774641,0.0,8.65395165572,0.891004331575
3.74209006971,0.354368869456,0.0,0.0,6.83633356444,0.423859657747
1.58046641793,0.0,0.0,0.0,6.10970280935,1.21427855638
3.59592072147,0.0,0.0,0.0,6.98386383912,0.0
2.01446276556,0.355284782324,0.0,0.0,6.32617944408,0.0
0.381945877426,0.679381862251,0.0,0.0,2.4974542567,0.925175363963
4.30099809351,0.0,0.148023433026,0.0,5.06877360539,1.29307499597
0.0,0.0,0.0,0.0,2.06331048569,0.0
0.873048215982,0.0,0.0,0.0,9.99567175524,0.833186639895
0.877557024916,0.0,0.0,0.0,8.83267205038,0.274532743702
3.08877716001,0.0,0.0,0.0,3.16418089343,0.714228460097
0.616511520637,0.0,0.0,0.0,6.13148117583,1.50183551357
3.53392626921,0.0,0.0,0.0,9.21026340457,0.0
2.72188584288,0.0,0.0,0.0,3.33994240743,1.26335413335
0.230197598919,0.0,0.0,0.0642225312356,1.29062276652,0.0
0.0,0.0,0.0,0.0,1.76682437971,0.0516418461404
1.05844042273,0.240125662051,0.0,0.0,3.28071332616,0.739314009674
1.09028059883,0.0,0.0,0.0,5.41069519753,3.98134903278
1.37325179884,0.0,0.0,0.0,2.06143879817,2.31947008419
1.18527597833,0.0,0.0,0.0,5.69609869754,2.48377253211
2.05015128258,0.0,0.0,0.0,7.47821572494,2.53390090887
2.35005248138,0.0,0.0,0.0,7.17869458598,0.714721795668
1.4695777933,0.0,0.0,0.0,6.49881774078,0.0
0.604991865564,0.265256744084,0.108172616517,0.0,3.09575085496,0.0
1.33904925035,0.0,0.0,0.0,5.19956827943,0.0
2.2422660935,0.0,0.0,0.0,0.609218374796,0.0
0.0,0.0,0.356710120646,0.0,2.07423432156,0.0
1.60693488756,0.0,0.0,0.0,3.97242492535,3.70039346122
1.17611397722,0.0,0.0,0.0,0.0,0.268446934862
0.99548797452,0.0,0.0,0.0,14.4219175947,0.947333703841
0.104713956851,0.0,0.0,0.0226623069031,2.80467657966,2.04107353057
0.29536978444,0.0856723103123,0.0,0.0,4.94657681587,0.0
2.46478038837,0.0,0.0,0.0,5.82753875808,2.49198757605
4.79587961306,0.0,0.0,0.0,4.5545246092,0.0
1.19904311915,0.0,0.0,0.0,3.55917951248,0.0
3.66577571637,0.373187818875,0.0,0.0,2.58273080281,0.752987312718
3.1545785555,0.0,0.0,0.0,5.87405911678,0.439483369896
1.34272497047,0.0,0.0,0.0,0.0,2.02050648395
0.373901432743,0.0,0.0,0.0,3.17800056027,0.0
0.93236512109,0.0,0.0,0.0,7.85706791785,0.360652425847
3.76671143672,0.0,0.110275744289,0.00435833576536,4.31570891062,2.25204186606
0.435132239925,0.0,0.0,0.0,2.28328373377,2.14148443368
2.84733131453,0.208581323262,0.0,0.0747781334227,9.01895323788,0.0
0.732995861253,0.0,0.0,0.0,1.38502905594,2.04144539263
4.31318108762,0.0,0.0,0.0,5.30283709643,0.547768387084
0.465309583365,0.0,0.0,0.0,6.15067198966,0.0
0.732686002675,0.0,0.0,0.0,3.72407279775,0.0
4.5702828303,0.0,0.0,0.0,0.588076190525,0.0
0.0,0.0,0.0,0.0,3.44075119979,2.40487209715
3.04586843156,0.502096346756,0.0,0.0,6.87843488512,0.0635698648638
2.27498315123,0.11634801585,0.0,0.0951818415548,5.3687328261,3.13576118114
2.64769764333,0.0654054872443,0.0,0.0,5.11408131342,2.96598654538
1.33695360769,0.0,0.0,0.0,8.29955131155,0.0
0.464341365198,0.0,0.0,0.0,7.07648922148,0.0
1.25444149404,0.0,0.0,0.0,6.58661248496,1.16261234834
0.154767431542,0.0,0.0,0.0,4.86298966615,2.31090732938
0.0,0.0,0.0,0.0,2.33126607769,0.0
1.38404875651,0.0,0.0,0.0,1.36505235677,0.17059107163
3.79152265912,0.0,0.0,0.0,2.3738095182,0.0
1.83634512439,0.0,0.0,0.0,1.28608937206,0.0
3.86923606483,0.0,0.0,0.0,5.6867446784,1.13010830926
2.35640659387,0.0,0.0,0.0,2.12077653169,2.06801393691
1.31696572953,0.0,0.0,0.0,18.485154241,0.573733279472
3.28326279705,0.0,0.125999072949,0.0,4.03672374774,1.28504392726
2.43927936295,0.0,0.0,0.0,3.46639857701,0.0
1.48515803854,0.0,0.0,0.0,2.07588731485,0.68643262918
3.70398412648,0.0,0.267683445314,0.129517128898,5.17373792845,0.0488049301384
1.82190523776,0.0,0.165994257898,0.0,1.65005774507,0.0
0.840811580902,0.0,0.0,0.0,3.07828158228,1.44245934719
0.985397048651,0.0,0.0,0.0,4.00293976079,0.0
1.15874266731,0.0,0.0,0.0,2.53821523388,0.796951575464
1.5046750752,0.0,0.0,0.0,6.13908120724,0.0
0.598071064116,0.0,0.0,0.0,2.63840031022,0.0
3.1084194557,0.0,0.0766371180978,0.0,3.96007777335,0.050502840224
0.0457942458905,0.0,0.0,0.0,1.18049090996,1.67812592991
2.56442913917,0.0,0.0,0.0,3.6376975804,0.456461509507
1.0813701334,0.0,0.0,0.0,2.14204385872,1.04551560499
0.0793886518816,0.0769944797135,0.0,0.0,9.02965907114,4.21822000391
2.35560549984,0.0,0.0,0.0,2.90781032677,1.32341684296
0.659801518571,0.417219972762,0.0,0.110131629991,3.3178175626,0.847086683815
1.11372026978,0.0,0.0,0.0,2.16715806392,1.8589917305
0.539178933236,0.0364921772188,0.0,0.0,18.9433508379,2.09596078924
1.02275793362,0.386847610424,0.394204840348,0.0,5.19042741823,0.0
0.0,0.0,0.0,0.0,0.124598287215,2.61160072628
4.43359080893,0.568697961012,0.0,0.0,9.58458448688,1.62409285211
1.88011975443,0.0,0.0,0.0,6.74408209691,3.71544265402
1.36495997511,0.0,0.0,0.0,3.87343623489,0.0
1.52470983612,0.0,0.0,0.0,0.543909747659,1.17702696598
0.504995369038,0.596497565282,0.0,0.0540248119721,12.523295968,0.93080581572
3.48280633518,0.0,0.0,0.0,2.78103236824,0.434637349111
0.663413496152,0.0246363826719,0.201873260905,0.0238139013793,7.19859659399,2.69443338471
1.29086117797,0.0,0.0,0.0,6.68115658045,2.04419427711
2.01768164494,0.0,0.0,0.0,13.8566997161,3.48678989564
0.29226820366,0.0,0.0,0.0,1.2154307992,1.22381902829
0.830922154049,0.0,0.0,0.0,3.29195177958,0.0129807418308
3.55984893629,0.0,0.1861431013,0.0,5.1700904316,0.441104505755
1.00464425645,0.0,0.0,0.0,0.0,0.0
2.97150000042,0.0,0.0,0.0,4.43912139862,0.0
4.86516751385,0.0,0.0,0.0,5.21059176048,0.0
0.761304175392,0.0,0.0,0.0,0.0,0.0
3.95956424969,0.562779135355,0.0,0.0,23.3078161267,0.0
1.62087427415,0.0,0.180406237846,0.0536001480704,1.97369846142,0.0
3.68686206188,0.437925081519,0.0,0.0,9.66890850293,1.82952551345
1.67809654833,0.0,0.0,0.0,5.20602218693,4.77192773336
0.339833137038,0.0,0.0,0.0,1.05223771303,0.0
1.63470213638,0.0,0.0,0.0,4.09095262053,0.0
1.78082314364,0.0797295215871,0.0,0.0,3.31096677456,0.0
0.882989819504,0.0,0.0,0.0,0.0,1.12048986532
0.687930610154,0.0,0.0,0.0,0.8282461642,0.0
1.56303127276,0.0,0.274762668861,0.0715062435582,5.58359582946,1.43060775811
0.0,0.354279348415,0.0,0.0,0.0,0.0
0.522695961424,0.0,0.0,0.0,5.03162651152,0.0
2.83925044251,0.656469033175,0.0,0.0,10.1088537609,0.115797334427
2.30198412705,0.0,0.0,0.0,6.03130141412,2.22182247427
1.50379072048,0.0,0.0,0.0,3.56110868987,0.819654874396
5.93465373526,0.0,0.0,0.0262657625223,21.4018561334,0.668910466623
0.90963602773,0.0,0.0,0.0,7.4468452254,0.853973208835
1.0428793921,0.0,0.25717559538,0.0,6.51136280688,0.0
0.647189793089,0.0,0.0,0.0,0.186718247737,0.0
1.4873889863,0.0,0.0,0.0,2.26418398048,0.0
3.15907162583,0.0,0.197583765463,0.0,2.06317958686,0.913999236643
4.96645760506,0.0,0.0,0.0,11.1477985096,0.865413677966
0.0,0.0,0.0,0.0,9.02666226086,0.0
1.89838331444,0.0,0.0,0.0,0.631403467508,0.0
2.09850341566,0.0,0.0,0.0,6.95151575054,2.11058410811
2.63319642975,0.0,0.0,0.0,4.05799213584,0.0
0.324533087079,0.0,0.517250907534,0.0,5.14597911126,0.457793351764
4.24273048262,0.191292397683,0.0,0.0117666106419,12.2093120334,2.6745893622
1.99492127138,0.0,0.0,0.0,1.97396083905,0.0
4.7288271159,0.0,0.582514802317,0.0,3.42646345228,0.0
0.809730089217,0.0,0.0,0.0,1.48826468168,0.998030773655
1.56534076692,1.20829084372,0.0,0.0,5.72759006094,0.0
1.12269543349,0.169388511711,0.0,0.0,8.35767459586,1.45879978069
2.86573747149,0.0,0.0,0.165223083255,4.44990523116,0.0
1.50440325714,0.0,0.0,0.0,3.09746391506,0.291389319655
7.75947760258,0.0,0.0,0.0540218927072,14.8220369831,1.76415423142
2.69255305575,0.0,0.292594665726,0.0,2.03661919316,0.701512665101
2.97055793938,0.0,0.0,0.0,0.40734715858,1.12171748538
0.0,0.0,0.0,0.0,3.75583010274,1.54270127625
2.78017171963,0.0,0.0,0.0,1.12156743531,0.0
0.408210706186,0.117579681324,0.14243611897,0.0,6.40182104965,5.52478779379
0.0,0.0,0.0,0.0,1.19040742042,0.0
0.166378482148,0.0,0.0,0.112955393078,1.03493813136,0.0
1.68111484036,0.0,0.0,0.0,5.13085930107,3.25724632315
1.31359575782,0.0,0.0,0.0,5.14759230215,0.0
1.07289757934,0.0,0.0,0.0,5.08387033442,1.79922520774
0.918241059862,0.0,0.0,0.0,8.17122488701,2.9162880863
2.17375524884,0.0,0.0337870426185,0.0,15.1611525195,0.0
2.15792476454,0.0,0.0,0.0,9.05787340964,2.665459629
1.39105188132,0.247860192422,0.0,0.0,9.36817958353,0.324106414169
3.0369960912,0.0,0.0,0.0,8.11329807398,2.88459357565
3.52673602611,0.201254768957,0.0,0.0,4.32885916818,0.0
0.534461185611,0.0,0.0,0.0,0.0,0.0
4.58208221548,0.0,0.0,0.0,2.26241502894,1.59902188504
