1.536,0.0765407986113,0.0439314236111,0.00693107638833,2.90133333333,0.763888888889
1.59585185185,0.0817925347225,0.0506006944444,0.00749233506897,3.85264197531,0.796111111111
1.49807407407,0.073480902778,0.0446987847222,0.0066313541662,3.05303703704,0.731111111111
1.57985185185,0.0779079861114,0.0443489583334,0.00710471354136,3.71674074074,0.786666666667
1.39911111111,0.0661892361112,0.03940625,0.00591951388856,2.76543209877,0.656666666667
1.53185185185,0.0765407986113,0.0409409722222,0.00664288194394,3.71674074074,0.768333333333
1.38607407407,0.0675564236113,0.0443940972223,0.00620914930515,3.46074074074,0.701111111111
1.54488888889,0.075434027778,0.0472039930556,0.00648221354115,3.90004938272,0.728333333333
1.44414814815,0.068402777778,0.0427352430555,0.00552684895771,2.90133333333,0.701111111111
1.48503703704,0.0727213541669,0.0437057291667,0.00611980902709,3.62824691358,0.731111111111
1.504,0.071723090278,0.0479375,0.00642025173548,3.56503703704,0.768333333333
1.536,0.0755642361113,0.0446197916667,0.00641304687464,4.26034567901,0.756666666667
1.26044444444,0.0580512152779,0.0360885416667,0.0052624305552,2.86972839506,0.598888888889
1.29540740741,0.061957465278,0.0355920138889,0.00555350694379,3.02143209877,0.682777777778
1.33333333333,0.0656032986113,0.0380633680557,0.00560105902731,2.32612345679,0.671111111111
1.57688888889,0.0769097222225,0.0467300347222,0.0066745833327,3.20474074074,0.805555555555
1.34814814815,0.0657335069445,0.0396996527779,0.00572642361073,3.46074074074,0.712777777778
1.46311111111,0.0692925347224,0.0436041666666,0.00641088541619,2.9329382716,0.701111111111
1.53896296296,0.0776258680558,0.0472829861111,0.00681940104109,3.98854320988,0.782222222222
1.35525925926,0.0637586805558,0.0382326388889,0.00583593749946,2.76543209877,0.663888888889
1.32503703704,0.0667534722224,0.0366753472224,0.00601533854131,2.38933333333,0.663888888889
1.50992592593,0.0720703125002,0.0452404513889,0.00662631076327,3.49234567901,0.745
1.61481481481,0.0790798611114,0.050329861111,0.00689433159646,5.34755555556,0.793888888889
1.48207407407,0.0745659722225,0.0459401041667,0.00612989583269,4.15604938272,0.740555555555
1.49807407407,0.0734592013891,0.0466510416667,0.00634027777727,3.02143209877,0.742777777778
1.57392592593,0.0772786458336,0.0422274305555,0.00679634548565,3.42913580247,0.784444444444
1.49807407407,0.0755642361114,0.0460642361111,0.0060700954856,3.15733333333,0.740555555555
1.57688888889,0.0777126736113,0.0433897569445,0.00647572916618,2.90133333333,0.798333333333
1.52592592593,0.0740017361113,0.0415277777778,0.00643826388842,3.66933333333,0.791666666667
1.536,0.0759331597224,0.0451276041667,0.00636189236053,3.58083950617,0.763888888889
1.59881481481,0.0782552083336,0.0446310763889,0.00677545138842,3.15733333333,0.775
1.488,0.0720920138891,0.0445633680556,0.00650815104137,2.90133333333,0.712222222222
1.46014814815,0.0690104166668,0.0421710069445,0.00643466145808,2.64533333333,0.738333333333
1.49807407407,0.0754774305558,0.0446875,0.00648365451314,3.46074074074,0.766111111111
1.504,0.0749131944447,0.0442135416667,0.0063273090273,3.86844444444,0.78
1.472,0.0720920138891,0.0402074652779,0.00646203992994,3.30903703704,0.745
1.46311111111,0.0714843750003,0.0392595486111,0.00612557291573,3.68513580247,0.738333333333
1.46607407407,0.0740017361113,0.0427916666668,0.0067610416664,3.4449382716,0.696111111111
1.40918518519,0.0665581597224,0.0365625000001,0.0060355121523,3.1889382716,0.675555555555
1.52592592593,0.0765407986114,0.0451050347223,0.00724088541641,4.26034567901,0.758888888889
1.54192592593,0.0742621527779,0.0461657986112,0.00675383680521,3.86844444444,0.78
1.42222222222,0.0675781250002,0.039552951389,0.00550019097159,3.41333333333,0.715
1.456,0.0697916666668,0.0425885416668,0.00670268229142,3.74834567901,0.728333333333
1.40918518519,0.0725694444447,0.0453758680555,0.0063100173607,3.71674074074,0.728888888889
1.59288888889,0.0778211805558,0.0463350694445,0.00676536458263,3.94113580247,0.78
1.2722962963,0.0641276041668,0.03615625,0.00549947048545,3.27743209877,0.659444444444
1.34637037037,0.0628906250001,0.0378376736111,0.00553045138853,2.71802469136,0.668888888889
1.3842962963,0.0654079861113,0.0378715277778,0.0055635937496,2.34192592593,0.659444444444
1.31733333333,0.0657986111113,0.0357612847223,0.0057293055552,3.12572839506,0.655
1.50103703704,0.0729817708335,0.0431640625001,0.00621851562435,3.77995061728,0.749444444444
1.57392592593,0.0776258680558,0.0489418402777,0.00700528645773,3.34064197531,0.805555555555
1.46311111111,0.0674696180557,0.0448567708334,0.00622139756901,3.26162962963,0.687222222222
1.536,0.0788194444447,0.0482083333333,0.00654417534667,3.71674074074,0.758888888889
1.52296296296,0.074066840278,0.0453420138889,0.00670772569404,3.46074074074,0.737777777778
1.49392592593,0.0763671875002,0.0436380208335,0.00699880208286,3.49234567901,0.731111111111
1.504,0.0783637152781,0.0449131944444,0.00701753472175,3.85264197531,0.791666666667
1.45303703704,0.0714843750001,0.0413020833334,0.00645555555541,3.27743209877,0.717222222222
1.59881481481,0.0828776041669,0.0487725694445,0.0075535763884,4.26034567901,0.791111111111
1.31911111111,0.0626519097223,0.0386163194446,0.00606937499985,3.17313580247,0.652222222222
1.56681481481,0.0777994791669,0.0509392361112,0.00706940972171,3.46074074074,0.782222222222
1.49807407407,0.0707031250002,0.0448454861112,0.00630065104114,3.0372345679,0.728888888889
1.35525925926,0.0665147569446,0.0398576388889,0.00596418402734,2.97402469136,0.659444444444
1.59881481481,0.0775173611113,0.0471362847222,0.00695485242996,3.59664197531,0.74
1.3522962963,0.0684027777779,0.0402300347224,0.00593320312451,3.2932345679,0.675555555555
1.29837037037,0.0647786458335,0.0365625,0.00551460069403,2.8855308642,0.680555555555
1.42696296296,0.0690755208336,0.0447890625,0.00643033854094,3.86844444444,0.735555555555
1.46014814815,0.0681857638891,0.0386163194445,0.00636477430517,3.71674074074,0.738333333333
1.3682962963,0.0668619791668,0.0393385416668,0.00561763020775,3.42913580247,0.661666666667
1.42222222222,0.070768229167,0.0408394097222,0.00590582465214,3.41333333333,0.698888888889
1.3682962963,0.0648437500001,0.0393836805556,0.00589645833296,2.64533333333,0.677777777778
1.45303703704,0.0702907986113,0.0426336805555,0.00589861979106,3.7009382716,0.715
1.30725925926,0.064887152778,0.0348472222222,0.00552396701334,2.76543209877,0.671111111111
1.59881481481,0.0788845486114,0.0461996527778,0.00653480902704,3.73254320988,0.81
1.55081481481,0.0776692708335,0.0500138888889,0.00714506076339,3.05303703704,0.800555555555
1.3842962963,0.070334201389,0.0395755208334,0.00658956597217,3.5492345679,0.696666666667
1.63081481481,0.0812717013892,0.0473732638889,0.00658236111016,3.7009382716,0.819444444444
1.51703703704,0.0740234375002,0.0421484375001,0.00651751736075,3.15733333333,0.752222222222
1.488,0.0710069444446,0.0435928819444,0.00645699652729,3.2932345679,0.728888888889
1.41214814815,0.068381076389,0.0425095486112,0.00612629340242,2.6295308642,0.715
1.57688888889,0.0790581597224,0.0472717013891,0.00693323784673,4.32355555556,0.798333333333
1.37125925926,0.0677734375002,0.0386276041668,0.00589645833263,2.90133333333,0.663888888889
1.34933333333,0.0659722222225,0.0382664930555,0.00572930555488,3.1415308642,0.671111111111
1.30844444444,0.0624348958336,0.0357612847222,0.00557512152716,3.41333333333,0.631666666667
1.51703703704,0.0786458333336,0.0486484375001,0.00690225694401,3.73254320988,0.784444444444
1.42814814815,0.0703993055558,0.0413472222222,0.0065967708328,3.5492345679,0.701111111111
1.40622222222,0.0637369791668,0.0400043402777,0.00592599826348,3.42913580247,0.652222222222
1.41511111111,0.0694661458335,0.0443376736111,0.00612269097142,3.17313580247,0.715
1.42518518519,0.069769965278,0.0421597222222,0.00611260416599,3.56503703704,0.698888888889
1.59585185185,0.0823567708336,0.0495963541667,0.0072264756939,3.73254320988,0.807777777778
1.57985185185,0.0748914930558,0.0487161458333,0.00677040798562,4.14024691358,0.747222222222
1.46014814815,0.0716796875002,0.0435928819445,0.0057538020828,3.82103703704,0.712777777778
1.35525925926,0.0672092013891,0.03696875,0.00605064236047,2.86972839506,0.663888888889
1.40503703704,0.0713758680557,0.0418324652778,0.00657947916631,3.34064197531,0.696111111111
1.3842962963,0.0656901041669,0.0399140625,0.00618681423585,4.38044444444,0.673333333333
1.49807407407,0.0748263888891,0.0456015625,0.00660109374963,3.85264197531,0.763888888889
1.57688888889,0.0784505208336,0.0443940972222,0.00642385416596,3.88424691358,0.772777777778
1.42518518519,0.0690104166668,0.0442586805556,0.00620914930544,2.90133333333,0.712777777778
1.488,0.0741970486114,0.0431753472222,0.00672861979092,3.58083950617,0.756666666667
1.30844444444,0.0645182291668,0.034982638889,0.00601245659706,2.58212345679,0.657222222222
1.55496296296,0.0767578125003,0.0419565972223,0.00683597222164,4.24454320988,0.766111111111
1.46014814815,0.0735894097225,0.0443940972223,0.00632082465251,3.8052345679,0.736111111111
1.49807407407,0.0748263888891,0.0465946180556,0.00605568576324,3.73254320988,0.742777777778
1.34637037037,0.0628906250002,0.0373637152778,0.00569328124956,2.85392592593,0.641111111111
1.53896296296,0.0748914930557,0.045703125,0.00678553819393,3.42913580247,0.791666666667
1.31733333333,0.0657986111113,0.038684027778,0.00552828993022,3.00562962963,0.645555555555
1.54192592593,0.0782769097225,0.0470008680556,0.0066522482632,3.35644444444,0.768333333333
1.55496296296,0.0739149305558,0.0418550347222,0.00665224826332,3.1889382716,0.740555555555
1.51703703704,0.0761935763891,0.0465269097223,0.00637053819385,3.82103703704,0.777777777778
1.3522962963,0.0663194444446,0.0387743055556,0.00586331597189,2.73382716049,0.673333333333
1.51703703704,0.0727213541669,0.0437395833334,0.00611908854093,3.30903703704,0.777777777778
1.44118518519,0.0687500000002,0.0413020833333,0.0057610069437,3.1415308642,0.668333333333
1.74459259259,0.0840494791669,0.0555095486111,0.00805143229129,3.68513580247,0.816666666667
1.49688888889,0.0751302083336,0.0482196180556,0.0068539843744,4.03595061728,0.784444444444
1.504,0.0780164930558,0.0435928819444,0.00710543402722,3.26162962963,0.756666666667
1.61185185185,0.0830729166669,0.0468767361112,0.00718756944381,3.74834567901,0.833333333333
1.50103703704,0.0736545138892,0.044337673611,0.00653841145755,3.46074074074,0.766111111111
1.37125925926,0.0661241319447,0.0414149305556,0.00577253472192,3.83683950617,0.698888888889
1.37125925926,0.0673828125001,0.0372734375002,0.00578910590243,3.41333333333,0.675555555555
1.42222222222,0.0663194444447,0.0410989583333,0.0058287326382,3.42913580247,0.696666666667
1.48503703704,0.0759982638891,0.0451276041667,0.00626678819395,3.86844444444,0.752222222222
1.27940740741,0.0606987847224,0.038029513889,0.00531142361069,2.59792592593,0.652777777778
1.44118518519,0.0688368055557,0.0414036458333,0.00618393229134,3.42913580247,0.736111111111
1.3522962963,0.0650390625001,0.0379618055556,0.00586115451351,2.47782716049,0.647777777778
1.63081481481,0.0761501736113,0.0485581597222,0.00724881076323,3.0372345679,0.819444444444
1.46014814815,0.0689236111113,0.0401510416667,0.00638062499954,2.8855308642,0.707777777778
1.50103703704,0.0707248263891,0.0438637152778,0.00675239583297,3.17313580247,0.740555555555
1.31437037037,0.0683376736113,0.0371944444445,0.00585683159694,3.56503703704,0.673333333333
1.55496296296,0.074066840278,0.0437282986112,0.00677689236061,3.83683950617,0.763333333333
1.3682962963,0.067599826389,0.0363480902778,0.00590438368018,3.66933333333,0.671111111111
1.44118518519,0.0717664930557,0.043818576389,0.00611980902733,3.15733333333,0.703333333333
1.34814814815,0.0682725694446,0.0425546875001,0.00643249999997,3.46074074074,0.698333333333
1.504,0.0724392361113,0.0433671875,0.0066688194439,4.14024691358,0.703333333333
1.54488888889,0.0791666666669,0.0503072916668,0.00684966145782,3.30903703704,0.782222222222
1.63674074074,0.0841145833336,0.051345486111,0.00755717881893,3.05303703704,0.826111111111
1.3522962963,0.0670572916669,0.0445182291666,0.00578550347185,3.17313580247,0.659444444444
1.43111111111,0.0697482638891,0.042103298611,0.00618537326349,3.46074074074,0.726666666667
1.46903703704,0.0751736111113,0.0394175347223,0.00685902777725,3.71674074074,0.733333333333
1.504,0.0727864583335,0.042802951389,0.00629704861059,2.64533333333,0.735555555555
1.55792592593,0.077191840278,0.0496302083333,0.00701321180505,3.85264197531,0.763888888889
1.3842962963,0.069965277778,0.0401510416665,0.00589861979104,3.71674074074,0.687222222222
1.59881481481,0.0763237847224,0.0485920138888,0.00668467013812,3.59664197531,0.81
1.536,0.0772786458336,0.0500928819444,0.00665296874936,3.1889382716,0.777777777778
1.39022222222,0.0663194444446,0.0395416666668,0.00563564236077,3.27743209877,0.685
1.47911111111,0.0717447916669,0.0420130208334,0.00624733506882,3.53343209877,0.703333333333
1.50103703704,0.0736545138891,0.0417309027778,0.00637486111072,3.7009382716,0.728888888889
1.59288888889,0.0801866319447,0.0479149305555,0.00654921874937,3.61244444444,0.768333333333
1.31140740741,0.0612413194446,0.0388984375001,0.00579198784684,2.8855308642,0.629444444444
1.55496296296,0.0768880208335,0.0479036458333,0.00666305555489,3.74834567901,0.768333333333
1.44414814815,0.0700303819447,0.0422951388889,0.00619041666608,2.8855308642,0.736111111111
1.54192592593,0.074457465278,0.0453645833334,0.00704851562471,3.83683950617,0.719444444444
1.46607407407,0.0741970486114,0.0467074652777,0.00640440104102,3.71674074074,0.754444444444
1.44414814815,0.0718315972224,0.0408506944445,0.00631001736069,3.30903703704,0.705555555555
1.3522962963,0.0666232638891,0.0391579861111,0.00540940972145,3.7009382716,0.659444444444
1.6877037037,0.0833116319447,0.0507248263889,0.00705788194396,4.71545679012,0.861111111111
1.47911111111,0.0730034722224,0.0463125000001,0.00646708333305,3.83683950617,0.728888888889
1.55792592593,0.0784505208336,0.0460416666666,0.00671709201326,4.14024691358,0.761111111111
1.62074074074,0.0792317708336,0.0480729166668,0.00702473958293,3.17313580247,0.777222222222
1.42222222222,0.0683159722224,0.0406024305555,0.00591086805521,3.83683950617,0.722222222222
1.536,0.0740885416669,0.0449809027778,0.00644618923552,2.74962962963,0.733333333333
1.37422222222,0.0681423611113,0.0406137152779,0.00564933159664,3.00562962963,0.708333333333
1.46014814815,0.0732204861114,0.0442925347222,0.00634171874946,4.10864197531,0.724444444444
1.57688888889,0.0730685763891,0.0421710069445,0.00700384548562,3.64404938272,0.705
1.61185185185,0.0810763888891,0.0452291666666,0.00719117187452,4.24454320988,0.802777777778
1.40325925926,0.0668402777779,0.0394288194445,0.00637630208305,2.66113580247,0.689444444444
1.49807407407,0.074848090278,0.0429496527778,0.00628912326347,3.98854320988,0.728888888889
1.536,0.0735460069447,0.0471362847221,0.00646852430508,4.09283950617,0.728888888889
1.44414814815,0.0725477430557,0.0453194444445,0.0065348090273,3.47654320988,0.745
1.37125925926,0.064474826389,0.0390564236111,0.00592167534698,3.83683950617,0.65
1.63081481481,0.0842664930558,0.050984375,0.00686407118,3.74834567901,0.798333333333
1.504,0.0749131944447,0.0420920138888,0.00641881076325,3.1889382716,0.754444444444
1.61481481481,0.0767795138891,0.0457934027778,0.00710543402696,4.14024691358,0.784444444444
1.56385185185,0.0799045138891,0.0468428819444,0.00749161458296,3.49234567901,0.786666666667
1.51703703704,0.0764756944447,0.0457369791667,0.00652976562452,3.02143209877,0.78
1.3842962963,0.0680555555558,0.0376345486111,0.00569111979117,2.74962962963,0.65
1.6237037037,0.0781467013891,0.051740451389,0.00739578993009,2.9329382716,0.821666666667
1.46014814815,0.0719401041669,0.0444279513889,0.00568319444366,3.42913580247,0.724444444444
1.16859259259,0.0569227430557,0.0329401041668,0.00487697048564,2.95822222222,0.587777777778
1.46311111111,0.0678168402779,0.0416744791667,0.00659460937477,2.86972839506,0.75
1.3682962963,0.0656901041669,0.0386840277777,0.00550451388823,2.58212345679,0.645555555555
1.57392592593,0.0764539930558,0.0474409722223,0.00689793402749,3.0372345679,0.758888888889
1.3842962963,0.0671440972224,0.0377248263889,0.00588925347193,3.42913580247,0.687222222222
1.46607407407,0.0701822916669,0.045240451389,0.00607585937464,3.46074074074,0.726666666667
1.41214814815,0.0662977430557,0.0396206597223,0.00640656249956,3.58083950617,0.691666666667
1.536,0.0761067708336,0.0443940972223,0.00686839409651,3.58083950617,0.728888888889
1.504,0.0735460069446,0.0395303819445,0.00646996527726,3.4449382716,0.749444444444
1.39318518519,0.0676866319446,0.0423402777778,0.00605568576332,3.27743209877,0.673333333333
1.52296296296,0.0709852430557,0.0455564236112,0.00681003472191,3.46074074074,0.768333333333
1.57392592593,0.077191840278,0.0455,0.00677328992991,3.68513580247,0.78
1.50103703704,0.0763671875002,0.0494270833332,0.00628768229101,2.81283950617,0.707777777778
1.59585185185,0.0777994791669,0.0474522569445,0.0073936284718,3.58083950617,0.805555555555
1.23851851852,0.0593315972223,0.0335833333334,0.00519326388857,2.85392592593,0.608333333333
1.57985185185,0.0796223958336,0.0459062500001,0.00697070312423,4.02014814815,0.768333333333
1.46607407407,0.0702690972224,0.0435590277778,0.00629344618018,3.58083950617,0.721666666667
1.44711111111,0.071918402778,0.0447777777778,0.00637774305523,3.05303703704,0.717222222222
1.41214814815,0.0669270833335,0.0394062499999,0.00626750868014,3.85264197531,0.703333333333
1.54488888889,0.0784288194447,0.0498897569445,0.00732157986052,4.68385185185,0.807777777778
1.41214814815,0.0701171875002,0.0416406250001,0.00611476562441,3.7009382716,0.701111111111
1.50103703704,0.076215277778,0.0443038194446,0.00681651909677,3.97274074074,0.731111111111
1.61185185185,0.0804470486113,0.0486032986112,0.00707085069406,3.7009382716,0.823888888889
1.3682962963,0.0641493055558,0.0381649305555,0.00558809027706,3.26162962963,0.680555555555
1.3522962963,0.065863715278,0.0382890625001,0.0058316145828,3.15733333333,0.615
1.42518518519,0.069965277778,0.0444618055555,0.00605424479111,3.42913580247,0.696666666667
1.61185185185,0.0774522569447,0.0464704861112,0.00706652777712,3.71674074074,0.770555555555
1.57688888889,0.0776258680557,0.042396701389,0.00675023437468,3.06883950617,0.761111111111
1.61481481481,0.0799045138892,0.0462335069444,0.00667314236025,3.2932345679,0.807777777778
1.64977777778,0.080512152778,0.0499913194444,0.00679418402708,3.46074074074,0.761111111111
1.50103703704,0.0723524305558,0.0456015624999,0.00655714409681,2.79703703704,0.745
1.61185185185,0.0810763888891,0.0498897569444,0.00699447916604,3.58083950617,0.796111111111
1.57688888889,0.0788194444447,0.0461093750001,0.00649950520781,3.17313580247,0.796111111111
1.46014814815,0.0730251736114,0.0449583333333,0.0058928559022,3.02143209877,0.736111111111
1.40918518519,0.0660156250002,0.043118923611,0.00625598090215,2.70222222222,0.722222222222
1.52888888889,0.0787109375003,0.0497656249999,0.00689433159681,3.15733333333,0.796111111111
1.31140740741,0.0611545138891,0.0360546875,0.00528908854109,2.32612345679,0.622222222222
1.52,0.0736328125002,0.046109375,0.00680571180531,3.05303703704,0.754444444444
1.57688888889,0.0773654513891,0.0463914930555,0.00716307291626,3.68513580247,0.752222222222
1.39022222222,0.0672960069446,0.0442586805557,0.00582440972193,3.02143209877,0.715
1.16859259259,0.056662326389,0.0305364583335,0.00473143229128,1.87101234568,0.576111111111
1.3202962963,0.0618489583335,0.0373411458334,0.00557007812443,3.0372345679,0.640555555555
1.54488888889,0.0802517361114,0.0497543402777,0.00697646701338,4.78814814815,0.786666666667
1.49096296296,0.0774522569447,0.0445407986111,0.00650526909688,3.1889382716,0.768333333333
1.3362962963,0.0657769097224,0.0414262152777,0.00563636284662,3.12572839506,0.685
1.52888888889,0.0787977430558,0.0471250000001,0.00675167534691,3.91585185185,0.763333333333
1.57392592593,0.0792751736113,0.0471475694445,0.00701681423558,3.85264197531,0.793888888889
1.55081481481,0.0782552083336,0.0470347222223,0.00691954861034,4.42785185185,0.798333333333
1.49392592593,0.0756076388891,0.0434574652779,0.00680499131901,4.44365432099,0.763333333333
1.36533333333,0.0676866319446,0.0401510416667,0.00564140624939,2.73382716049,0.696666666667
1.59585185185,0.0800781250002,0.049359375,0.00730500868003,3.56503703704,0.81
1.26340740741,0.0598741319446,0.0352873263889,0.00563203992985,2.58212345679,0.622222222222
1.41511111111,0.0700954861113,0.0419453125,0.00675599826339,2.90133333333,0.740555555555
1.42518518519,0.0710286458335,0.0410989583335,0.00642961805525,3.5492345679,0.726666666667
1.55496296296,0.078168402778,0.0452404513888,0.00675311631909,3.86844444444,0.770555555555
1.34933333333,0.0656032986113,0.041234375,0.00554846354098,3.66933333333,0.633888888889
1.456,0.0736545138891,0.0460868055557,0.00605928819403,3.05303703704,0.715
1.41511111111,0.0715711805557,0.0396093750002,0.00657875868027,3.1889382716,0.717222222222
1.63081481481,0.081684027778,0.0494835069445,0.0072019791659,3.06883950617,0.819444444444
1.44118518519,0.0726779513892,0.0431640625,0.00625237847152,2.74962962963,0.738333333333
1.63377777778,0.0817925347225,0.0508828125,0.00757591145787,4.27614814815,0.821666666667
1.61481481481,0.0787109375002,0.0491788194446,0.00678697916624,3.66933333333,0.821666666667
1.44711111111,0.070941840278,0.0403880208333,0.00656578993015,3.98854320988,0.687222222222
1.40622222222,0.0680555555558,0.0411328124999,0.00588997395785,3.12572839506,0.694444444444
1.46014814815,0.0723958333335,0.0448229166666,0.00629416666624,3.68513580247,0.728888888889
1.31140740741,0.0614366319446,0.0363706597224,0.00577685763847,4.07703703704,0.631666666667
1.59288888889,0.0790798611114,0.0475086805554,0.00728627604105,3.71674074074,0.798333333333
1.55792592593,0.0785373263892,0.0482309027776,0.00710831597176,3.76414814815,0.770555555555
1.40622222222,0.0685980902779,0.0392821180557,0.00582729166629,3.56503703704,0.698888888889
1.2722962963,0.0650390625001,0.0388194444446,0.00585467013839,3.82103703704,0.640555555555
1.53185185185,0.0753472222225,0.0431189236112,0.00698655381905,4.14024691358,0.749444444444
1.38725925926,0.0651475694446,0.0388758680556,0.00605136284699,2.34192592593,0.671111111111
1.27348148148,0.0629774305557,0.0364722222223,0.00526459201327,2.97402469136,0.655
1.46607407407,0.0685329861113,0.0453758680555,0.00593248263828,3.61244444444,0.670555555555
1.52296296296,0.0778211805558,0.043875,0.00684173611061,3.85264197531,0.745
1.57688888889,0.0778862847225,0.0482534722222,0.00730212673578,3.86844444444,0.772777777778
1.48503703704,0.0733723958336,0.0475538194444,0.00641736979126,3.1415308642,0.754444444444
1.40918518519,0.066818576389,0.0406475694446,0.00619618055505,3.06883950617,0.715
1.31437037037,0.0667100694446,0.0345086805556,0.00522064236054,3.1415308642,0.671111111111
1.42814814815,0.0709201388891,0.04225,0.00619473958265,3.46074074074,0.703333333333
1.30133333333,0.0626085069446,0.0367092013889,0.0055909722219,3.3975308642,0.622222222222
1.54192592593,0.075434027778,0.0449583333335,0.00714289930525,4.53214814815,0.796111111111
1.51703703704,0.0756510416669,0.0435364583334,0.00649734374959,3.97274074074,0.768333333333
1.27348148148,0.0612630208335,0.0371267361112,0.00525306423576,2.58212345679,0.615555555555
1.31437037037,0.0629774305558,0.0354227430556,0.00556935763832,2.98982716049,0.657222222222
1.46311111111,0.0726562500002,0.0454661458334,0.00613349826345,3.30903703704,0.717222222222
1.536,0.075824652778,0.0480954861112,0.0073042881942,3.12572839506,0.768333333333
1.59288888889,0.0802734375003,0.0498559027777,0.00699952256896,3.2932345679,0.782222222222
1.50103703704,0.0738498263891,0.0415616319446,0.00622283854104,3.0372345679,0.742777777778
1.46607407407,0.0707682291669,0.0414487847222,0.00629921006897,3.4449382716,0.738333333333
1.46311111111,0.069574652778,0.0406475694446,0.00568175347159,3.42913580247,0.712777777778
1.31140740741,0.062521701389,0.0361223958334,0.0054331857634,2.86972839506,0.643333333333
1.456,0.0737413194446,0.0434123263889,0.0066738628468,3.34064197531,0.766111111111
1.42518518519,0.0681206597224,0.0396657986111,0.00651535590233,3.66933333333,0.698888888889
1.33333333333,0.0630642361113,0.0360208333334,0.00569616319399,3.10992592593,0.671111111111
1.45303703704,0.0731987847225,0.0415616319445,0.00635973090234,2.64533333333,0.705555555555
1.16266666667,0.0551866319446,0.0309539930556,0.00460318576343,2.02271604938,0.587777777778
1.43407407407,0.0686414930558,0.0418324652778,0.00638062499943,3.17313580247,0.698333333333
1.46607407407,0.0755642361113,0.0437960069445,0.00603911458291,3.30903703704,0.752222222222
1.24740740741,0.0638020833335,0.0333012152779,0.0053380815968,3.42913580247,0.633888888889
1.61185185185,0.0782552083336,0.0479600694444,0.00667386284645,4.15604938272,0.784444444444
1.52296296296,0.075629340278,0.0431189236112,0.00652328124932,4.00434567901,0.745
1.63377777778,0.081684027778,0.0504991319445,0.00742605034702,4.24454320988,0.805
1.54192592593,0.0755425347224,0.0495286458333,0.00698295138859,4.00434567901,0.805555555555
1.21540740741,0.0615234375001,0.034881076389,0.00567959201364,2.70222222222,0.596666666667
1.53896296296,0.0742404513891,0.0474861111111,0.00626102430505,3.85264197531,0.772777777778
1.37718518519,0.0665798611113,0.0397109375001,0.00619185763873,3.02143209877,0.698888888889
1.50103703704,0.0720052083335,0.0429496527779,0.00651319444421,3.61244444444,0.719444444444
1.46607407407,0.0763888888891,0.0452291666667,0.00686695312439,3.46074074074,0.745
1.51703703704,0.0728298611113,0.0447213541667,0.00633235243026,3.02143209877,0.752222222222
1.39318518519,0.0671875000002,0.0425434027778,0.00627975694389,2.76543209877,0.689444444444
1.488,0.0753472222224,0.0464253472223,0.00621203124946,3.90004938272,0.770555555555
1.42518518519,0.0701171875002,0.0397109375001,0.00621923611065,2.86972839506,0.712777777778
1.49807407407,0.0713758680558,0.0434236111111,0.00628624131866,3.05303703704,0.703333333333
1.51703703704,0.0767578125002,0.0462560763889,0.0061709635413,3.73254320988,0.756666666667
1.536,0.0776475694447,0.0431414930556,0.00664720486053,3.17313580247,0.733333333333
1.41214814815,0.0681206597224,0.0414262152779,0.00640440104154,3.00562962963,0.715
1.44414814815,0.0702039930558,0.0408958333333,0.00619185763859,3.74834567901,0.705555555555
1.55792592593,0.0738064236113,0.0432543402778,0.0065297656245,3.53343209877,0.768333333333
1.46903703704,0.0761067708336,0.0444053819445,0.00634027777717,3.34064197531,0.768333333333
1.54785185185,0.0787977430558,0.0475425347223,0.00673798611034,4.02014814815,0.812222222222
1.27644444444,0.0580512152779,0.0364609375,0.00541013020781,2.58212345679,0.629444444444
1.55792592593,0.0753472222224,0.0486597222223,0.00679994791615,3.37224691358,0.784444444444
1.29837037037,0.0661241319447,0.0403428819443,0.00572282118005,2.86972839506,0.685
1.54192592593,0.0779947916668,0.0472829861111,0.00737849826359,3.83683950617,0.78
1.62074074074,0.0801432291669,0.0491675347221,0.00732446180523,3.83683950617,0.800555555555
1.61185185185,0.0810763888891,0.0487048611111,0.00734463541615,3.32483950617,0.796111111111
1.52592592593,0.0734375000002,0.0456241319444,0.00648077256894,3.32483950617,0.758888888889
1.49096296296,0.0722656250002,0.0464930555555,0.00647428819395,3.05303703704,0.689444444444
1.40207407407,0.0686414930557,0.0433107638889,0.00628119791619,2.64533333333,0.712777777778
1.34814814815,0.069574652778,0.0413697916667,0.0062768749997,3.4449382716,0.642777777778
1.16266666667,0.0557508680557,0.0329965277778,0.00503980034666,2.14281481481,0.562222222222
1.52,0.075824652778,0.0465833333334,0.00657947916603,3.2932345679,0.719444444444
1.61185185185,0.0788845486113,0.0474184027778,0.00730212673575,3.0372345679,0.821666666667
1.40622222222,0.0701171875002,0.0430060763888,0.00603983506869,2.74962962963,0.710555555555
1.24444444444,0.0632595486113,0.0359418402779,0.00541229166614,2.03851851852,0.622222222222
1.3682962963,0.0653211805557,0.0367204861112,0.00553117187447,3.6535308642,0.645555555555
1.54488888889,0.0771701388891,0.0485243055555,0.00656723090195,2.86972839506,0.772777777778
1.49807407407,0.0714626736113,0.0416180555556,0.00596634548555,3.71674074074,0.715
1.47911111111,0.0739149305558,0.0438524305556,0.00672429687444,3.98854320988,0.705555555555
1.57985185185,0.0746093750002,0.0478133680555,0.0069253124996,3.97274074074,0.796111111111
1.6397037037,0.082660590278,0.048795138889,0.00750962673574,4.20345679012,0.805
1.46607407407,0.0701171875002,0.0404895833334,0.00628552083304,3.59664197531,0.728888888889
1.59288888889,0.0752604166668,0.0451614583334,0.00659172743007,3.5492345679,0.78
1.61185185185,0.0826388888892,0.0455112847223,0.00679850694372,4.17185185185,0.768333333333
1.61185185185,0.082074652778,0.0503524305555,0.00726249999927,4.53214814815,0.812222222222
1.51703703704,0.0720052083335,0.0451840277778,0.00660109374949,3.02143209877,0.740555555555
1.31437037037,0.0609592013891,0.0365963541666,0.00558088541631,2.32612345679,0.647777777778
1.39614814815,0.0694878472224,0.0419453125,0.00618465277746,3.42913580247,0.689444444444
1.29540740741,0.0603298611113,0.0369574652778,0.00556071180518,2.83812345679,0.62
1.43703703704,0.0707031250002,0.0438298611111,0.00636189236063,3.91585185185,0.712222222222
1.38725925926,0.0650173611112,0.0386163194446,0.00583737847179,3.82103703704,0.696666666667
1.39022222222,0.0675130208335,0.0420355902778,0.00561618923536,2.74962962963,0.696666666667
1.34814814815,0.0660156250001,0.0413697916666,0.00611692708296,3.17313580247,0.645
1.36711111111,0.0669921875001,0.0397335069446,0.00612269097179,3.86844444444,0.687222222222
1.52,0.0761935763891,0.0456015625,0.00602758680496,3.30903703704,0.78
1.52,0.0738064236113,0.044743923611,0.00681291666619,3.98854320988,0.715
1.40918518519,0.0696614583336,0.0422048611111,0.00626318576338,3.02143209877,0.722222222222
1.44711111111,0.0698350694446,0.0433897569446,0.00640944444422,3.02143209877,0.736111111111
1.39911111111,0.0683810763891,0.0405347222223,0.00614070312464,3.56503703704,0.717222222222
1.56385185185,0.0734375000003,0.0451953125,0.00631722222166,2.46202469136,0.782222222222
1.52,0.0722873263891,0.0451840277777,0.00624733506895,3.4449382716,0.766111111111
1.50103703704,0.0758463541669,0.0454548611112,0.0066832291662,3.41333333333,0.752222222222
1.63081481481,0.079144965278,0.0484453125002,0.00762994791641,3.61244444444,0.812222222222
1.34933333333,0.0718750000003,0.0392595486111,0.00656723090224,3.98854320988,0.685
1.47911111111,0.0712022569447,0.0427803819445,0.00619906249916,3.59664197531,0.763888888889
1.42103703704,0.0673611111113,0.0416293402779,0.00619329861079,3.7009382716,0.717222222222
1.472,0.0697916666668,0.0430173611112,0.00654993923543,3.56503703704,0.770555555555
1.52296296296,0.0722439236113,0.045545138889,0.00648293402721,2.81283950617,0.733333333333
1.39022222222,0.0687500000002,0.0417873263889,0.00627759548563,3.78943209877,0.703333333333
1.34933333333,0.0663411458335,0.0404105902777,0.00548001736084,2.41461728395,0.645555555555
1.42518518519,0.0713975694447,0.0430173611111,0.00625958333273,3.4449382716,0.687222222222
1.472,0.0715494791669,0.0416970486113,0.00661118055514,3.17313580247,0.766111111111
1.50696296296,0.0756944444447,0.0474296874999,0.00680643229114,3.62824691358,0.753888888889
1.50696296296,0.0722005208336,0.0442135416667,0.00634748263837,3.85264197531,0.707777777778
1.41214814815,0.0681206597224,0.0434010416667,0.00597355034685,2.74962962963,0.705555555555
1.42814814815,0.0680338541669,0.0419340277778,0.00625526041635,3.15733333333,0.689444444444
1.57985185185,0.0789713541669,0.0502282986112,0.00697574652737,3.76414814815,0.784444444444
1.47496296296,0.0726345486113,0.0417760416667,0.00584602430488,3.56503703704,0.754444444444
1.37125925926,0.0654079861113,0.0401171874999,0.00548866319373,3.56503703704,0.671111111111
1.53896296296,0.0747395833335,0.0453532986111,0.00661766493016,3.46074074074,0.742777777778
1.61185185185,0.0785373263891,0.0459513888889,0.00688208333295,3.90004938272,0.791666666667
1.48503703704,0.0690104166668,0.0404444444444,0.0061104427078,3.56503703704,0.693888888889
1.56088888889,0.0759765625002,0.04590625,0.00707157118016,3.83683950617,0.782222222222
1.35525925926,0.0674696180557,0.0390902777779,0.00578046006899,2.66113580247,0.705555555555
1.44414814815,0.070941840278,0.0397673611112,0.00656074652732,3.56503703704,0.703333333333
1.40918518519,0.0694010416669,0.0394175347223,0.00583017361058,3.00562962963,0.687222222222
1.42814814815,0.0679253472224,0.0376571180556,0.00568247395783,2.76543209877,0.701111111111
1.47911111111,0.0726562500002,0.0416631944445,0.00660253472199,3.9569382716,0.724444444444
1.56088888889,0.0802734375003,0.0444843750001,0.00693395833284,3.4449382716,0.793888888889
1.51288888889,0.0770833333335,0.0452855902779,0.00671493055498,3.49234567901,0.749444444444
1.44118518519,0.068576388889,0.0396545138889,0.00590294270784,3.0372345679,0.675555555555
1.21540740741,0.0600694444446,0.0381762152778,0.00524730034674,2.98982716049,0.631666666667
1.55792592593,0.0766276041669,0.0455789930557,0.00693179687453,2.91713580247,0.768333333333
1.57688888889,0.0776258680558,0.0453194444446,0.00732446180533,3.76414814815,0.786666666667
1.16562962963,0.0611979166668,0.0348246527779,0.0051442708329,2.73382716049,0.603888888889
1.3522962963,0.0683159722225,0.0416631944444,0.00601317708277,3.15733333333,0.696666666667
1.536,0.0749131944447,0.0420468749999,0.00695052951331,2.8855308642,0.766111111111
1.42518518519,0.0683159722224,0.0415729166668,0.00587268229122,2.47782716049,0.710555555555
1.55496296296,0.0785373263891,0.0451163194445,0.00654633680487,4.39624691358,0.793888888889
1.59881481481,0.0819010416669,0.0520677083333,0.00712272569407,3.86844444444,0.812222222222
1.46014814815,0.0745659722224,0.0429157986112,0.00671276909676,4.39624691358,0.766111111111
1.51703703704,0.0730251736113,0.0423741319445,0.00669835937462,3.24582716049,0.728888888889
1.42222222222,0.0694227430558,0.0417534722221,0.00562123263813,2.61372839506,0.708333333333
1.504,0.0755425347224,0.0458272569445,0.00669187499963,3.58083950617,0.745
1.25748148148,0.0609809027779,0.0379505208335,0.00531502604123,2.58212345679,0.608333333333
1.46014814815,0.0733072916669,0.0403993055556,0.00599084201333,3.82103703704,0.726666666667
1.43111111111,0.0667100694446,0.0418211805555,0.00598147569382,3.46074074074,0.728888888889
1.55496296296,0.0750868055558,0.0475763888887,0.00704779513852,3.61244444444,0.756666666667
1.50696296296,0.0747178819446,0.0468428819445,0.00689865451379,3.71674074074,0.78
1.44592592593,0.0764756944447,0.0461545138891,0.00641953124933,3.30903703704,0.782222222222
1.38311111111,0.0718315972224,0.0453420138888,0.00604703992988,3.41333333333,0.668333333333
1.48207407407,0.0750868055558,0.0471475694444,0.0067776128469,3.98854320988,0.766111111111
1.40325925926,0.0694010416669,0.0420694444444,0.00558953124937,3.56503703704,0.685
1.42222222222,0.0710503472224,0.0395642361111,0.00596562499945,3.02143209877,0.701111111111
1.44414814815,0.0712890625002,0.0403090277778,0.0060873871524,3.56503703704,0.719444444444
1.57392592593,0.0715277777779,0.0461657986112,0.00675023437445,3.5492345679,0.745
1.38725925926,0.064670138889,0.0383454861111,0.00623436631918,3.41333333333,0.673333333333
1.44414814815,0.0700303819447,0.0424418402777,0.00635396701348,3.27743209877,0.712777777778
1.57688888889,0.075629340278,0.0480616319444,0.00704923611087,3.30903703704,0.782222222222
1.37125925926,0.0650390625001,0.035896701389,0.00555134548548,3.56503703704,0.682777777778
1.55496296296,0.0800130208336,0.0477569444445,0.00699519965216,3.42913580247,0.768333333333
1.48207407407,0.0726345486113,0.0424192708334,0.00677761284702,3.4449382716,0.717222222222
1.40918518519,0.0692057291668,0.0406024305555,0.00588060763828,3.42913580247,0.698888888889
1.52296296296,0.0784505208336,0.0472378472222,0.00667314236048,3.61244444444,0.763333333333
1.3842962963,0.0675998263891,0.0388645833335,0.00590438368003,3.6535308642,0.685
1.40918518519,0.0643446180557,0.0399366319445,0.00626390624956,3.05303703704,0.687222222222
1.63377777778,0.0824218750002,0.0496076388889,0.00752619791603,4.17185185185,0.81
1.19762962963,0.0565538194446,0.0318003472223,0.00459453993006,2.70222222222,0.587777777778
1.3682962963,0.0620225694446,0.0357387152778,0.00606072916626,2.98982716049,0.675555555555
1.55496296296,0.0792751736114,0.049765625,0.00720702256899,3.7009382716,0.805555555555
1.52296296296,0.0767144097224,0.0459626736111,0.00674591145798,4.12444444444,0.770555555555
1.43407407407,0.072309027778,0.0409861111111,0.00667242187457,3.5492345679,0.705555555555
1.3682962963,0.0685980902779,0.0368220486113,0.00639359374961,2.90133333333,0.687222222222
1.27644444444,0.0632595486113,0.0360772569445,0.00538563368017,3.27743209877,0.636111111111
1.36533333333,0.0662326388891,0.0383003472222,0.00584674479121,3.00562962963,0.659444444444
1.27940740741,0.0629774305557,0.0347907986113,0.00541589409698,3.26162962963,0.622222222222
1.57392592593,0.0736979166669,0.043818576389,0.00648005208278,3.56503703704,0.770555555555
1.3522962963,0.0667751736113,0.0374878472223,0.005540538194,3.30903703704,0.675555555555
1.456,0.0721137152779,0.0429157986112,0.00617600694414,3.32483950617,0.728888888889
1.40325925926,0.0691406250002,0.0395303819445,0.00590294270802,3.27743209877,0.708333333333
1.57392592593,0.0779947916669,0.0478585069444,0.00653841145759,4.27614814815,0.791666666667
1.536,0.0781032986114,0.0473394097221,0.0065578645825,4.24454320988,0.768333333333
1.55792592593,0.0766927083336,0.0472829861112,0.00735832465242,3.77995061728,0.775
1.424,0.0710069444447,0.0421258680556,0.00616736111055,3.98854320988,0.717222222222
1.39022222222,0.0687500000002,0.0442586805556,0.0058755642357,3.56503703704,0.696111111111
1.42814814815,0.0717447916668,0.0405008680557,0.0060355121524,2.7812345679,0.738333333333
1.488,0.0747178819447,0.0453871527777,0.00670052083301,2.7812345679,0.733333333333
1.61185185185,0.0827907986114,0.0514921875,0.00718828992992,3.59664197531,0.821666666667
1.57985185185,0.0784288194447,0.0478020833333,0.00710831597165,4.17185185185,0.786666666667
1.57392592593,0.0772786458336,0.0454774305555,0.006888567708,3.97274074074,0.791666666667
1.43703703704,0.0715711805558,0.0429045138889,0.00650094618033,3.98854320988,0.682222222222
1.42518518519,0.0718532986114,0.0413697916666,0.00649157986074,3.56503703704,0.712777777778
1.51703703704,0.0784505208336,0.0447100694446,0.00636621527722,4.14024691358,0.805555555555
1.57392592593,0.0781901041669,0.0456692708334,0.00667314236064,3.56503703704,0.747222222222
1.42814814815,0.070551215278,0.0447100694445,0.00611260416602,3.61244444444,0.736111111111
1.47792592593,0.0751736111114,0.0456918402778,0.00662919270762,3.74834567901,0.747222222222
1.55496296296,0.0782986111114,0.0487838541666,0.00663063367999,2.98982716049,0.78
1.46311111111,0.0745659722225,0.0457934027777,0.00668899305514,3.85264197531,0.754444444444
1.46903703704,0.0728298611113,0.0396657986113,0.00658668402747,3.85264197531,0.728888888889
1.49807407407,0.0751085069447,0.0441345486111,0.00639647569392,3.06883950617,0.754444444444
1.52888888889,0.073871527778,0.04671875,0.00707445312447,3.30903703704,0.770555555555
1.47911111111,0.0723741319446,0.0421484375,0.0060124565968,2.61372839506,0.703333333333
1.45007407407,0.0695312500001,0.0445746527778,0.00655642361115,3.15733333333,0.696111111111
1.51703703704,0.0727430555558,0.0442022569445,0.0069807899301,3.53343209877,0.766111111111
1.41214814815,0.0734592013891,0.0430060763888,0.00663567708274,3.85264197531,0.754444444444
1.57392592593,0.0766276041669,0.0438862847222,0.00667386284655,3.71674074074,0.758888888889
1.37125925926,0.0641276041668,0.0387291666668,0.00625886284689,3.17313580247,0.661666666667
1.32325925926,0.0674262152779,0.036302951389,0.00554774305501,3.02143209877,0.687222222222
1.34637037037,0.0657118055558,0.0353550347223,0.0050614149298,3.38172839506,0.631666666667
1.63081481481,0.0791666666669,0.0461770833334,0.00724304687468,3.7009382716,0.798333333333
1.55792592593,0.0803385416669,0.0461770833333,0.00723584201353,3.74834567901,0.765555555555
1.46311111111,0.0679036458334,0.0408394097223,0.00632730902745,3.02143209877,0.717222222222
1.63081481481,0.0796006944447,0.0497769097222,0.00723584201344,4.12444444444,0.798333333333
1.42518518519,0.0690104166668,0.0440668402778,0.00604703993007,4.12444444444,0.724444444444
1.52296296296,0.0730034722224,0.0452404513889,0.00606217013832,3.90004938272,0.721666666667
1.55792592593,0.0788194444447,0.0494835069445,0.0065974913189,3.05303703704,0.782222222222
1.40622222222,0.0666883680557,0.0388984375002,0.00591879340235,3.15733333333,0.698888888889
1.52888888889,0.075238715278,0.0417196180556,0.00689937499946,3.4449382716,0.756666666667
1.46311111111,0.070920138889,0.0419227430557,0.00638134548569,3.7009382716,0.703333333333
1.40918518519,0.0717664930557,0.0410199652779,0.00597715277731,2.90133333333,0.691666666667
1.49807407407,0.0745659722225,0.0463576388889,0.00663639756887,3.00562962963,0.719444444444
1.27644444444,0.0617187500002,0.0383342013889,0.00535825520777,3.10992592593,0.578333333333
1.52,0.0761935763892,0.0450711805556,0.00643754340197,3.58083950617,0.768333333333
1.64977777778,0.0819878472225,0.0448003472223,0.00734751736052,4.68385185185,0.807777777778
1.46311111111,0.0743055555558,0.0423741319446,0.00612557291619,4.12444444444,0.717222222222
1.44118518519,0.0674696180558,0.0396545138888,0.00575236111049,3.02143209877,0.710555555555
1.37007407407,0.0708116319447,0.0422838541667,0.00612989583281,3.05303703704,0.696111111111
1.52296296296,0.0739800347224,0.0471475694443,0.00686551215228,3.58083950617,0.770555555555
1.56088888889,0.0791015625002,0.0437395833333,0.00661262152713,3.0372345679,0.784444444444
1.33037037037,0.063888888889,0.0352760416668,0.00549226562474,3.10992592593,0.666666666667
1.61481481481,0.0785373263892,0.0514583333332,0.00715802951338,3.30903703704,0.798333333333
1.27940740741,0.0593315972224,0.0380407986111,0.00561907118023,3.12572839506,0.617777777778
1.46014814815,0.0733072916669,0.0400156249999,0.00627471354124,4.63644444444,0.724444444444
1.30133333333,0.0647135416668,0.0370928819445,0.00502971354137,2.56632098765,0.643333333333
1.43111111111,0.0695529513891,0.0403203125002,0.00607297742976,3.0372345679,0.68
1.44414814815,0.070746527778,0.0387743055557,0.00613061631882,3.42913580247,0.738333333333
1.488,0.0744791666669,0.0428142361111,0.0060607291663,3.42913580247,0.728888888889
1.46311111111,0.0699218750002,0.0438637152779,0.00639719617996,3.4449382716,0.717222222222
1.48207407407,0.0720920138891,0.0434800347222,0.00626390624931,3.97274074074,0.763888888889
1.38014814815,0.0687282986112,0.0452404513891,0.00608378472187,3.46074074074,0.707777777778
1.54192592593,0.0791883680558,0.0444956597222,0.00680859374945,2.79703703704,0.770555555555
1.50103703704,0.075824652778,0.0458385416667,0.0062120312494,4.54795061728,0.731111111111
1.55792592593,0.0756510416669,0.0499800347222,0.00641304687441,3.17313580247,0.756666666667
1.32740740741,0.0621527777779,0.035795138889,0.00546128472173,3.26162962963,0.657222222222
1.57688888889,0.0769748263891,0.0455789930555,0.00650382812443,3.34064197531,0.758888888889
1.46607407407,0.0739149305558,0.0445295138888,0.00692747395794,2.98982716049,0.728888888889
1.41096296296,0.069574652778,0.0384131944445,0.0063611718748,3.30903703704,0.712777777778
1.55792592593,0.0754557291669,0.048761284722,0.00676176215212,4.00434567901,0.768333333333
1.37422222222,0.067404513889,0.0421822916668,0.00607874131897,2.73382716049,0.710555555555
1.44118518519,0.0688585069447,0.0393159722222,0.00610611979105,3.58083950617,0.710555555555
1.39022222222,0.0666666666668,0.0400494791667,0.00596058159682,3.42913580247,0.689444444444
1.31733333333,0.0642361111113,0.0380182291666,0.0054865017353,2.73382716049,0.680555555555
1.50992592593,0.0759114583336,0.0438750000001,0.00651103298534,3.32483950617,0.712222222222
1.52296296296,0.0771050347224,0.0439427083334,0.00646996527708,3.30903703704,0.766111111111
1.39022222222,0.0698567708336,0.0398125,0.00589573784663,3.59664197531,0.710555555555
1.28948148148,0.0657986111113,0.0347569444445,0.00503547743,2.95822222222,0.659444444444
1.52,0.0739800347224,0.0443602430556,0.00677689236081,3.98854320988,0.768333333333
1.40325925926,0.0693142361113,0.038785590278,0.00584026041612,2.49362962963,0.701111111111
1.43407407407,0.0690104166669,0.0383229166667,0.00647212673578,3.17313580247,0.687222222222
1.59288888889,0.0777343750003,0.0447552083332,0.00663711805501,4.03595061728,0.770555555555
1.48503703704,0.0706380208335,0.0460980902778,0.00676608506932,3.17313580247,0.719444444444
1.54488888889,0.0726996527779,0.0413697916667,0.0062595833328,4.27614814815,0.761111111111
1.50103703704,0.0739366319447,0.0451388888888,0.006118368055,3.15733333333,0.740555555555
1.40918518519,0.0705078125002,0.0387065972223,0.00580855902714,2.8855308642,0.712777777778
1.46014814815,0.0723958333335,0.0421258680555,0.00666017361065,3.58083950617,0.726666666667
1.38725925926,0.068402777778,0.0395642361111,0.00582585069369,3.3975308642,0.685
1.48207407407,0.0727213541668,0.043965277778,0.00663711805528,3.71674074074,0.742777777778
1.57688888889,0.0747178819447,0.0474861111112,0.00680859374955,3.88424691358,0.754444444444
1.40918518519,0.0702039930558,0.0405008680556,0.00616592013823,2.86972839506,0.715
1.29244444444,0.0632595486113,0.0371605902778,0.00532295138823,2.31032098765,0.631666666667
1.31437037037,0.0605034722223,0.0331770833335,0.00565437499981,2.98982716049,0.668888888889
1.57392592593,0.0788845486113,0.0461770833333,0.00682804687471,3.97274074074,0.807777777778
1.57985185185,0.0808810763891,0.0488064236111,0.00706436631908,3.61244444444,0.765555555555
1.40325925926,0.0689670138891,0.0396319444444,0.00562267361052,3.26162962963,0.685
1.504,0.067795138889,0.0438975694446,0.00664504340234,3.20474074074,0.717222222222
1.40325925926,0.0692274305558,0.0394739583333,0.00589285590225,3.27743209877,0.675555555555
1.59585185185,0.0777994791669,0.0506909722224,0.00655282118024,3.34064197531,0.772777777778
1.43703703704,0.0706380208335,0.0456692708334,0.00653841145816,2.10172839506,0.717222222222
1.456,0.0738281250003,0.0440894097223,0.00666089409668,2.49362962963,0.71
1.57392592593,0.0778211805558,0.046775173611,0.00700168402711,3.56503703704,0.752222222222
1.48207407407,0.0710069444446,0.0413359374999,0.00644474826337,3.7009382716,0.707777777778
1.39022222222,0.0705729166669,0.0445972222222,0.00654129340222,3.58083950617,0.722222222222
1.536,0.0754557291669,0.0427013888888,0.00652111979104,3.86844444444,0.742777777778
1.44711111111,0.069574652778,0.041076388889,0.00636621527722,3.1889382716,0.703333333333
1.31140740741,0.0636067708335,0.0375104166666,0.00581792534687,2.46202469136,0.645555555555
1.33037037037,0.0656901041668,0.0336510416667,0.0059533767357,2.59792592593,0.661666666667
1.24740740741,0.0608940972223,0.0371831597222,0.00548938368026,2.97402469136,0.643333333333
1.52888888889,0.0736328125002,0.045037326389,0.00658019965233,2.6295308642,0.752222222222
1.59288888889,0.0791015625003,0.0475763888887,0.00721638888858,4.24454320988,0.791666666667
1.46014814815,0.0703125000002,0.0402074652779,0.00628119791611,3.1415308642,0.685
1.51703703704,0.074652777778,0.0431414930556,0.00626246527722,3.05303703704,0.740555555555
1.48088888889,0.074066840278,0.0468203125001,0.00667818576337,3.74834567901,0.726111111111
1.46014814815,0.069769965278,0.0399817708334,0.00651391493006,3.7009382716,0.722222222222
1.36533333333,0.0654296875002,0.0403993055555,0.0059043836799,2.59792592593,0.668888888889
1.45303703704,0.0724609375002,0.0394739583334,0.0067293402773,2.81283950617,0.703333333333
1.46014814815,0.0717447916668,0.0427126736112,0.00609387152749,3.00562962963,0.701111111111
1.42222222222,0.0702039930557,0.0415842013892,0.00675311631922,2.8855308642,0.75
1.42518518519,0.0690321180558,0.0417421874999,0.00610828124957,3.86844444444,0.687222222222
1.61481481481,0.0795138888891,0.0479826388889,0.00720558159674,3.73254320988,0.786666666667
1.536,0.0738932291669,0.0451614583334,0.0066263107635,3.46074074074,0.78
1.536,0.0759114583336,0.0465381944444,0.00668755208284,3.1889382716,0.754444444444
1.63081481481,0.0777994791669,0.051638888889,0.00722431423587,3.56503703704,0.807777777778
1.53896296296,0.0739149305558,0.0409522569444,0.00683885416622,3.90004938272,0.733333333333
1.55496296296,0.0759982638891,0.0473506944444,0.00675455729114,3.58083950617,0.78
1.536,0.0779296875003,0.0464930555554,0.00675888020763,3.46074074074,0.791666666667
1.50103703704,0.0704427083335,0.043615451389,0.0064404253469,3.15733333333,0.707777777778
1.488,0.072894965278,0.0406475694445,0.00666089409679,3.74834567901,0.768333333333
1.40918518519,0.0705946180558,0.0386276041666,0.00614934895763,2.8855308642,0.685
1.50103703704,0.0752821180558,0.0434574652778,0.00615223090237,3.86844444444,0.742777777778
1.40325925926,0.0676866319447,0.0442135416667,0.00562843749943,3.41333333333,0.698888888889
1.51703703704,0.0682291666668,0.0432769097223,0.00650382812447,3.76414814815,0.719444444444
1.39614814815,0.0667317708335,0.0393723958334,0.00624877604121,4.10864197531,0.689444444444
1.63377777778,0.0781250000001,0.0496414930556,0.00743829861077,4.00434567901,0.814444444444
1.46311111111,0.0735460069447,0.0401848958334,0.00618032986013,2.23762962963,0.726666666667
1.57392592593,0.0782769097225,0.0488177083334,0.00659749131883,4.53214814815,0.791666666667
1.37422222222,0.065451388889,0.0375104166666,0.0056651822912,2.76543209877,0.642777777778
1.53896296296,0.0772786458336,0.0432769097222,0.00665657117982,3.71674074074,0.752222222222
1.52296296296,0.0744357638891,0.0460190972222,0.00706652777745,3.58083950617,0.756666666667
1.50696296296,0.0748046875002,0.0474409722222,0.00669691840228,3.85264197531,0.749444444444
1.49688888889,0.0743489583335,0.0478697916667,0.00637702256906,3.56503703704,0.705555555555
1.55496296296,0.0776475694447,0.0464930555556,0.00711119791629,3.15733333333,0.78
1.54192592593,0.0779079861114,0.0493819444444,0.00683741319393,3.30903703704,0.782222222222
1.50103703704,0.0731987847224,0.0439991319445,0.00670124131892,3.27743209877,0.738333333333
1.43703703704,0.0700086805557,0.0449583333335,0.00617600694405,3.56503703704,0.717222222222
1.53896296296,0.0744357638891,0.0469218749999,0.00674519097143,2.9329382716,0.768333333333
1.48503703704,0.0730251736114,0.0418098958333,0.00630641492973,3.71674074074,0.684444444444
1.472,0.0725477430558,0.0437960069444,0.00635540798541,3.59664197531,0.717222222222
1.46311111111,0.0673611111113,0.0428368055555,0.00611404513845,3.42913580247,0.691666666667
1.40622222222,0.0683159722225,0.0385711805555,0.00586763888835,3.56503703704,0.696666666667
1.46014814815,0.0713975694446,0.0415052083334,0.0062343663191,3.17313580247,0.712777777778
1.536,0.0738281250002,0.0426675347223,0.00631794270781,3.1415308642,0.766111111111
1.20948148148,0.0580729166668,0.0301866319445,0.00490651041631,2.85392592593,0.617777777778
1.46311111111,0.0708333333334,0.0440217013889,0.00647140624984,3.85264197531,0.740555555555
1.42518518519,0.0680338541669,0.0415052083333,0.00635108506904,3.85264197531,0.698888888889
1.46014814815,0.0684678819446,0.0411666666667,0.0058690798605,3.4449382716,0.712777777778
1.55496296296,0.0770833333336,0.0455,0.00676176215238,3.2932345679,0.763888888889
1.40918518519,0.0701388888891,0.0419340277779,0.00596274305524,2.6295308642,0.698888888889
1.16266666667,0.0540147569446,0.033109375,0.00470333333293,2.68641975309,0.552777777778
1.61185185185,0.0783203125002,0.0481406250001,0.00721494791636,3.58083950617,0.798333333333
1.44414814815,0.0649088541669,0.0386163194445,0.00618249131884,3.61244444444,0.703333333333
1.43111111111,0.0690104166669,0.0449696180555,0.00622716145765,3.56503703704,0.698888888889
1.32740740741,0.0652560763891,0.0369348958334,0.00536834201361,2.58212345679,0.655
1.49807407407,0.0735460069447,0.0429045138889,0.00621635416604,3.47654320988,0.735555555555
1.20948148148,0.0604383680557,0.0364835069445,0.00544111111074,2.98982716049,0.627222222222
1.36533333333,0.0646050347225,0.0353663194444,0.00576460937432,2.68641975309,0.680555555555
1.54488888889,0.0760633680558,0.0476328124999,0.00705788194389,3.73254320988,0.793888888889
1.44118518519,0.0661024305557,0.0403993055556,0.00576749131897,2.6295308642,0.698888888889
1.47911111111,0.0719401041669,0.0441796874999,0.00606721354111,4.22874074074,0.752222222222
1.57985185185,0.0798177083336,0.0453081597221,0.00658452256895,4.65224691358,0.768333333333
1.64977777778,0.0817925347225,0.0474973958333,0.00776467881906,3.90004938272,0.812222222222
1.52296296296,0.0797960069447,0.0489756944443,0.00728123263834,4.24454320988,0.753888888889
1.50103703704,0.0701822916668,0.0406137152779,0.00581792534687,4.12444444444,0.715
1.48207407407,0.0726562500002,0.0435590277778,0.00672573784666,2.6295308642,0.738333333333
1.57985185185,0.0784288194447,0.0494157986111,0.0064642013881,3.82103703704,0.833333333333
1.44,0.0699001736112,0.0444730902779,0.00636405381917,2.7812345679,0.707777777778
1.57392592593,0.0797092013891,0.0488064236112,0.00726898437459,3.58083950617,0.819444444444
1.53896296296,0.0759114583335,0.0431302083334,0.00669187499933,3.86844444444,0.754444444444
1.51703703704,0.0751953125002,0.0470572916666,0.0063943142355,4.66804938272,0.742777777778
1.44711111111,0.0702039930558,0.0385147569444,0.00624013020795,2.35772839506,0.705555555555
1.42814814815,0.0683810763891,0.0382439236111,0.00560394097151,3.27743209877,0.689444444444
1.488,0.0735677083336,0.0450824652777,0.00621635416592,3.68513580247,0.752222222222
1.55496296296,0.0762586805558,0.0438862847224,0.00668178819391,3.71674074074,0.770555555555
1.31140740741,0.0645182291668,0.0342829861112,0.00558088541618,3.38172839506,0.643333333333
1.57392592593,0.0791883680558,0.0432656250001,0.00660469618007,3.71674074074,0.78
1.3362962963,0.0649522569446,0.0392934027779,0.00557944444407,3.68513580247,0.659444444444
1.42222222222,0.0664713541669,0.038334201389,0.00621563368008,3.56503703704,0.659444444444
1.61481481481,0.0845052083336,0.0527109375001,0.00754421006893,2.98034567901,0.875
1.32325925926,0.0652343750001,0.0421484375001,0.00589717881915,3.53343209877,0.694444444444
1.51703703704,0.0724609375002,0.0446987847222,0.00608018229076,3.71674074074,0.731111111111
1.42222222222,0.072330729167,0.0419227430554,0.00596058159633,3.53343209877,0.710555555555
1.51703703704,0.0748263888891,0.0454774305556,0.00645915798551,4.09283950617,0.78
1.60177777778,0.0804253472224,0.0526770833333,0.00691954861045,4.32355555556,0.81
1.33037037037,0.0617838541669,0.0388420138889,0.00559817708275,2.85392592593,0.643333333333
1.57688888889,0.0766276041669,0.0470685763889,0.0062862413189,3.68513580247,0.78
1.39022222222,0.0647569444446,0.0404782986112,0.00622644097185,2.86972839506,0.675555555555
1.63377777778,0.0804253472225,0.0478472222222,0.00706580729112,3.5492345679,0.798333333333
1.47911111111,0.0743923611113,0.0440442708333,0.00604559895773,4.38044444444,0.777777777778
1.44118518519,0.0682074652779,0.0412569444445,0.00643249999971,3.86844444444,0.687222222222
1.61185185185,0.0812500000003,0.0505894097221,0.00720558159677,4.12444444444,0.833333333333
1.46311111111,0.0718532986113,0.0420243055557,0.00636261284696,2.8855308642,0.736111111111
1.20948148148,0.0589843750001,0.0357274305556,0.00549874999957,2.73382716049,0.633888888889
1.53185185185,0.0774305555558,0.0462899305556,0.00721855034661,3.2932345679,0.782222222222
1.26044444444,0.0609809027779,0.0335269097223,0.00545263888837,2.83812345679,0.62
1.47496296296,0.0749131944447,0.0449019097222,0.00672861979106,3.17313580247,0.754444444444
1.42222222222,0.0716796875002,0.0414036458334,0.00596274305497,3.12572839506,0.68
1.25451851852,0.062521701389,0.0349375000001,0.00535969618023,2.98982716049,0.641111111111
1.40918518519,0.0701171875002,0.0428142361112,0.00643105902731,3.30903703704,0.712777777778
1.33925925926,0.0689453125002,0.0403767361111,0.00574371527727,3.15733333333,0.675555555555
1.488,0.0753472222225,0.0437847222222,0.00715730902725,3.06883950617,0.756666666667
1.49096296296,0.0778211805558,0.0444618055556,0.00694188368008,4.12444444444,0.752222222222
1.50103703704,0.0755642361114,0.0443263888889,0.00650238715242,4.22874074074,0.731111111111
1.57985185185,0.0760633680558,0.0471927083334,0.00626822916609,3.86844444444,0.782222222222
1.59288888889,0.0787977430558,0.0485581597223,0.00670700520791,3.06883950617,0.782222222222
1.50103703704,0.0703776041669,0.0414375,0.00671060763837,3.71674074074,0.715
1.32622222222,0.0678602430557,0.0395303819445,0.00578766493025,3.2932345679,0.642777777778
1.51703703704,0.0742838541669,0.0426111111111,0.00656578993019,3.15733333333,0.752222222222
1.59288888889,0.0797743055558,0.0498784722222,0.0067682465269,3.83683950617,0.812222222222
1.42518518519,0.0700086805558,0.0399704861111,0.00569832465217,3.73254320988,0.715
1.61185185185,0.0806423611114,0.0499010416665,0.00682012152729,3.68513580247,0.782222222222
1.536,0.0783854166669,0.045443576389,0.00670412326328,3.73254320988,0.693888888889
1.49807407407,0.0720052083336,0.0425772569443,0.0062711111103,3.71674074074,0.717222222222
1.57985185185,0.0800781250002,0.0485243055556,0.00741380208299,4.02014814815,0.800555555555
1.57392592593,0.0755425347225,0.0441684027777,0.0068842447912,3.47654320988,0.735555555555
1.38725925926,0.0686631944447,0.0403767361111,0.00612773437441,3.17313580247,0.687222222222
1.56088888889,0.0775390625003,0.0456918402778,0.00625381944365,3.4449382716,0.768333333333
1.41511111111,0.0699435763891,0.0408958333334,0.00642025173572,3.17313580247,0.68
1.45007407407,0.0717447916669,0.0385034722223,0.00640800347184,3.34064197531,0.707777777778
1.57392592593,0.0743272569447,0.0444053819445,0.00696565972212,3.73254320988,0.793888888889
1.56385185185,0.0729817708335,0.0444505208334,0.00639935763852,3.08464197531,0.749444444444
1.48207407407,0.0726779513891,0.0423402777779,0.00632010416616,3.5492345679,0.726666666667
1.50103703704,0.073480902778,0.0439765625,0.00613277777719,3.56503703704,0.733333333333
1.47911111111,0.0706597222225,0.0392708333333,0.00620914930486,3.5492345679,0.701111111111
1.38725925926,0.0689670138891,0.0402413194444,0.00559241319397,2.74962962963,0.640555555555
1.45896296296,0.0730034722224,0.0415729166666,0.00639503472188,3.17313580247,0.737777777778
1.536,0.0757378472225,0.0440329861112,0.00636837673561,4.41204938272,0.763888888889
1.43111111111,0.0731987847224,0.0433107638889,0.00605856770801,4.00434567901,0.715
1.59288888889,0.0782552083336,0.0463463541668,0.00702329861066,4.26034567901,0.772777777778
1.44414814815,0.0651909722224,0.0418324652778,0.00598291666619,2.76543209877,0.712777777778
1.59288888889,0.0781467013891,0.0492690972223,0.0073439149302,4.24454320988,0.833333333333
1.43111111111,0.072287326389,0.0389210069446,0.00643754340252,3.46074074074,0.719444444444
1.44414814815,0.0686631944447,0.0423064236111,0.00620626736077,3.83683950617,0.703333333333
1.53896296296,0.0749131944446,0.0450486111112,0.00690874131898,3.26162962963,0.742777777778
1.46014814815,0.0718532986114,0.0447213541666,0.00625886284623,2.8855308642,0.75
1.66874074074,0.0817925347225,0.0502057291666,0.00754637152756,4.02014814815,0.835555555555
1.55792592593,0.0790147569447,0.0455564236111,0.00634243923551,4.12444444444,0.766111111111
1.55792592593,0.075824652778,0.0464930555556,0.00658884548556,3.88424691358,0.782222222222
1.38725925926,0.0695963541669,0.0432543402778,0.00614430555527,2.85392592593,0.712777777778
1.59585185185,0.0798828125002,0.0505217013889,0.00687487847163,3.9569382716,0.81
1.48503703704,0.0750000000002,0.0450598958333,0.00654345486061,3.62824691358,0.733333333333
1.57392592593,0.0775390625002,0.0503185763889,0.00683381076327,3.66933333333,0.805555555555
1.43407407407,0.0725911458336,0.0405572916667,0.00613638020764,3.30903703704,0.724444444444
1.33333333333,0.0666015625002,0.0377361111111,0.00595914062436,2.47782716049,0.659444444444
1.57392592593,0.0744357638891,0.0427013888889,0.00740371527758,4.41204938272,0.754444444444
1.59585185185,0.0792534722225,0.0477005208333,0.00705788194382,3.56503703704,0.761111111111
1.50103703704,0.0790798611114,0.0444392361111,0.00693684027697,3.56503703704,0.782222222222
1.42814814815,0.0690972222225,0.0447213541666,0.00637630208262,3.05303703704,0.717222222222
1.46903703704,0.0765407986114,0.0449696180556,0.00629704861042,3.49234567901,0.723888888889
1.46903703704,0.0684461805557,0.0430963541667,0.00600236979086,3.73254320988,0.731111111111
1.18162962963,0.0572048611113,0.0299157986111,0.00496342881914,2.41461728395,0.587777777778
1.59288888889,0.0805338541669,0.0490659722223,0.00683741319401,3.71674074074,0.796111111111
1.536,0.0738281250002,0.0462673611112,0.00631650173566,3.85264197531,0.763888888889
1.39318518519,0.066818576389,0.0463802083333,0.00599516493018,2.74962962963,0.701111111111
1.3522962963,0.0645833333335,0.0376006944445,0.00584746527729,2.71802469136,0.663888888889
1.34222222222,0.0651475694446,0.0388081597223,0.00573362847186,3.56503703704,0.671111111111
1.57985185185,0.0744357638891,0.0463012152779,0.00647933159691,4.29195061728,0.745
1.55496296296,0.0760633680558,0.0472491319445,0.00689289062449,4.12444444444,0.745
1.46903703704,0.0686197916668,0.0458611111111,0.00620770833289,2.66113580247,0.740555555555
1.43407407407,0.0715711805557,0.0362916666667,0.00612485242995,2.23762962963,0.726666666667
1.40918518519,0.0703993055557,0.0433559027778,0.00609315104128,3.27743209877,0.696666666667
1.42518518519,0.0703993055558,0.0420243055556,0.00586763888839,3.15733333333,0.712777777778
1.56088888889,0.078168402778,0.0472378472223,0.00718756944402,4.41204938272,0.74
1.29540740741,0.0582465277779,0.0358628472223,0.00538203124939,2.43041975309,0.617777777778
1.49392592593,0.0752604166669,0.0428932291667,0.00679994791614,2.9329382716,0.758888888889
1.40918518519,0.0695529513891,0.043717013889,0.00648149305498,3.30903703704,0.691666666667
1.53896296296,0.0757378472225,0.0458385416666,0.00668539062463,3.71674074074,0.754444444444
1.43111111111,0.0688585069447,0.0396432291667,0.00632082465228,3.41333333333,0.701111111111
1.51703703704,0.0750217013891,0.0453645833333,0.00653985243006,3.88424691358,0.763888888889
1.55496296296,0.0784505208336,0.0464140625001,0.00686479166605,4.26034567901,0.78
1.63081481481,0.0819878472225,0.0516050347221,0.00746495659658,4.53214814815,0.768333333333
1.17866666667,0.055295138889,0.0332786458333,0.00479627604139,2.00691358025,0.587777777778
1.536,0.0763888888891,0.0478585069445,0.00676104166623,3.42913580247,0.740555555555
1.39318518519,0.069184027778,0.0383567708334,0.00576172742994,3.1415308642,0.712777777778
1.52296296296,0.0720703125002,0.0451163194445,0.00662703124957,4.56375308642,0.733333333333
1.38607407407,0.0669270833335,0.0394401041667,0.00567887152737,3.02143209877,0.675555555555
1.52592592593,0.0752821180558,0.0487725694445,0.00643682291599,3.83683950617,0.756666666667
1.52,0.0786458333336,0.0476892361112,0.00679490451325,3.98854320988,0.756666666667
1.27822222222,0.0618706597223,0.0360885416668,0.00522352430512,3.41333333333,0.633888888889
1.504,0.0752821180558,0.0445295138889,0.00645771701353,3.12572839506,0.763888888889
1.39614814815,0.070941840278,0.0422951388889,0.00616159722185,3.17313580247,0.701111111111
1.55792592593,0.0776475694447,0.0470685763889,0.00682876736071,3.5492345679,0.777777777778
1.47911111111,0.074848090278,0.0410425347223,0.00626030381887,3.68513580247,0.703333333333
1.29244444444,0.063324652778,0.0356032986111,0.00554702256875,2.70222222222,0.643333333333
1.40622222222,0.0679253472224,0.0382777777779,0.00611404513821,3.41333333333,0.712777777778
1.54192592593,0.0748046875002,0.0445859375,0.00611404513799,2.66113580247,0.742777777778
1.3682962963,0.067230902778,0.0397673611111,0.00593896701355,2.61372839506,0.675555555555
1.504,0.0721571180558,0.0452178819445,0.00631506076304,4.15604938272,0.715
1.51703703704,0.0729166666669,0.0457821180557,0.00608594617999,3.83683950617,0.763888888889
1.55496296296,0.0748697916668,0.0478697916667,0.00686551215235,3.05303703704,0.793888888889
1.34637037037,0.064691840278,0.0419227430555,0.00555206597161,2.59792592593,0.647777777778
1.46903703704,0.0721788194446,0.0419001736112,0.00614214409666,3.68513580247,0.752222222222
1.52,0.0747395833336,0.0452630208334,0.00654273437433,3.34064197531,0.740555555555
1.42222222222,0.0705729166669,0.0433559027778,0.00593608506888,2.73382716049,0.722222222222
1.44118518519,0.0682942708335,0.0401284722223,0.00603118923556,3.17313580247,0.689444444444
1.55496296296,0.0772786458336,0.0426336805555,0.00658019965223,3.71674074074,0.793888888889
1.52592592593,0.0752604166669,0.046357638889,0.00693251736067,4.27614814815,0.723888888889
1.42222222222,0.0676649305558,0.0385486111111,0.00588060763815,2.59792592593,0.703333333333
1.36118518519,0.0662109375002,0.0374314236111,0.00599444444379,2.8855308642,0.701111111111
1.44118518519,0.0674696180558,0.0390789930556,0.00615799479111,3.02143209877,0.696666666667
1.22251851852,0.0587239583335,0.0354791666668,0.00502106770797,2.83812345679,0.592222222222
1.49807407407,0.0762803819447,0.0452517361112,0.00691954861088,4.53214814815,0.78
1.46607407407,0.0714843750002,0.0400720486112,0.00649013888829,3.83683950617,0.738333333333
1.49807407407,0.0703559027779,0.0431866319444,0.00649518229115,2.91713580247,0.717222222222
1.57985185185,0.075629340278,0.0462899305556,0.00698799479129,4.56375308642,0.805555555555
1.52,0.0727430555558,0.042295138889,0.00669980034665,3.58083950617,0.763888888889
1.47911111111,0.0729383680558,0.0416631944445,0.00666665798564,3.68513580247,0.740555555555
1.42814814815,0.0693142361113,0.041640625,0.00595842013839,2.98982716049,0.675555555555
1.504,0.0699652777779,0.0468880208334,0.0068597482633,3.46074074074,0.742777777778
1.44711111111,0.0686414930557,0.045861111111,0.00636261284669,3.15733333333,0.715
1.57688888889,0.0759982638891,0.0450147569444,0.00679562499934,3.97274074074,0.782222222222
1.42814814815,0.0703125000002,0.0368559027778,0.00604992187449,3.53343209877,0.675555555555
1.40325925926,0.0712456597224,0.0405685763889,0.00597427083305,2.8855308642,0.689444444444
1.53896296296,0.0770833333336,0.0436944444445,0.00669115451334,4.02014814815,0.754444444444
1.21362962963,0.0596571180557,0.0309427083335,0.0052163194442,2.53471604938,0.599444444444
1.35525925926,0.0674696180557,0.0399930555556,0.00628552083306,3.58083950617,0.668333333333
1.55496296296,0.0771050347224,0.0475876736112,0.00642961805504,3.17313580247,0.78
1.52,0.075824652778,0.0459288194445,0.00644474826344,3.27743209877,0.768333333333
1.43703703704,0.0670789930557,0.0406701388889,0.00631217881901,3.73254320988,0.717222222222
1.47911111111,0.0744791666669,0.0462560763888,0.00626822916613,3.98854320988,0.698333333333
1.54488888889,0.0777126736113,0.0441119791668,0.00635252604078,3.2932345679,0.784444444444
1.50103703704,0.0702039930558,0.0433333333334,0.00659677083278,3.35644444444,0.726666666667
1.49807407407,0.0743706597225,0.0473394097222,0.00639359374949,3.05303703704,0.756666666667
1.52,0.0789062500003,0.04590625,0.00686407117977,3.46074074074,0.772777777778
1.44118518519,0.0703125000002,0.0389210069444,0.00578478298544,3.27743209877,0.712777777778
1.51703703704,0.0759114583336,0.0429157986111,0.00648221354111,3.0372345679,0.763888888889
1.54488888889,0.075629340278,0.0488628472222,0.00690585937446,3.22054320988,0.754444444444
1.3682962963,0.0665147569447,0.0432881944443,0.00582008680508,2.44622222222,0.680555555555
1.44711111111,0.0717664930558,0.0406024305556,0.00627615451333,3.56503703704,0.75
1.35525925926,0.0605468750001,0.0365850694444,0.00575956597162,3.1415308642,0.696666666667
1.52592592593,0.0748697916669,0.0423628472222,0.00693828124942,3.59664197531,0.716666666667
1.3362962963,0.0618489583334,0.040828125,0.00579486979167,2.90133333333,0.673333333333
1.46311111111,0.0755642361114,0.0458498263888,0.00670052083267,2.8855308642,0.724444444444
1.57392592593,0.0792751736114,0.0466171875,0.00704131076348,3.35644444444,0.782222222222
1.44118518519,0.0690538194446,0.0407942708334,0.00604631944411,2.8855308642,0.696666666667
1.39614814815,0.0719401041669,0.0427465277777,0.00615151041605,2.8855308642,0.68
1.42222222222,0.0708550347224,0.04021875,0.00642457465253,3.27743209877,0.710555555555
1.30844444444,0.0616102430558,0.0391241319444,0.00557728298557,2.83812345679,0.643333333333
1.53896296296,0.0759982638891,0.0452968750001,0.00691234374934,4.02014814815,0.756666666667
1.63081481481,0.0812717013891,0.0516953125,0.00695917534689,3.2932345679,0.821666666667
1.63081481481,0.0766710069447,0.0492239583332,0.00706148437439,2.91713580247,0.791111111111
1.59585185185,0.0788194444447,0.0475199652777,0.00659532986046,3.68513580247,0.758888888889
1.38014814815,0.065842013889,0.0412569444446,0.00616087673576,3.58083950617,0.710555555555
1.48207407407,0.0737413194446,0.0439088541667,0.00694044270795,3.42913580247,0.752222222222
1.42814814815,0.0702039930557,0.0443151041667,0.00626678819392,3.30903703704,0.698888888889
1.44414814815,0.0741102430558,0.0421484375,0.00605208333289,3.3975308642,0.715
1.59585185185,0.0820529513891,0.0477795138889,0.00743757812459,3.98854320988,0.826111111111
1.37718518519,0.0674913194446,0.0367769097223,0.00598435763851,3.2932345679,0.675555555555
1.52592592593,0.0731553819446,0.0446987847223,0.00640728298572,3.1889382716,0.747222222222
1.45007407407,0.0692708333335,0.0411666666666,0.00568607638819,3.88424691358,0.715
1.51703703704,0.0733723958336,0.0431414930556,0.00657155381899,3.71674074074,0.763888888889
1.42814814815,0.0694661458335,0.0423402777779,0.00618105034682,3.0372345679,0.736111111111
1.21659259259,0.0570095486113,0.0320824652778,0.00540796874965,2.41461728395,0.601666666667
1.52,0.073285590278,0.0424192708334,0.00622932291593,4.27614814815,0.752222222222
1.59585185185,0.0807291666669,0.0510295138888,0.00701032986067,3.98854320988,0.791666666667
1.504,0.0764322916669,0.0445859375,0.00629776909666,4.27614814815,0.766111111111
1.49096296296,0.0763454861113,0.0455451388889,0.00658668402719,3.32483950617,0.782222222222
1.43111111111,0.0688368055557,0.041482638889,0.00663783854126,4.09283950617,0.736111111111
1.46607407407,0.0705729166669,0.0407942708334,0.00638855034674,2.98982716049,0.736111111111
1.51703703704,0.0728298611113,0.0446536458333,0.00619906249968,2.79703703704,0.733333333333
1.53896296296,0.0758029513891,0.0452178819444,0.00674014756888,3.02143209877,0.770555555555
1.44414814815,0.0707465277779,0.0421597222222,0.00632082465233,2.8855308642,0.719444444444
1.41511111111,0.0682508680557,0.0446649305556,0.00696782118027,3.30903703704,0.721666666667
1.53896296296,0.0765625000002,0.0446536458335,0.00651175347182,3.83683950617,0.756666666667
1.3682962963,0.0669487847224,0.0382326388889,0.0058661979162,2.86972839506,0.712777777778
1.50103703704,0.0741753472224,0.0469331597223,0.00608882812447,3.97274074074,0.747222222222
1.59585185185,0.0764322916669,0.0468541666667,0.00697718749945,3.2932345679,0.81
1.45303703704,0.0713541666669,0.043717013889,0.00629921006876,3.61244444444,0.728888888889
1.51703703704,0.0777560763891,0.0456015625001,0.00661766493017,3.71674074074,0.745
1.50103703704,0.0770182291669,0.0453645833333,0.0064000781242,4.66804938272,0.731111111111
1.3842962963,0.0695963541669,0.038040798611,0.00594184895776,3.8052345679,0.698888888889
1.52,0.075824652778,0.0458836805556,0.00661334201346,4.15604938272,0.745
1.536,0.0759331597225,0.0450824652778,0.00694404513851,3.7009382716,0.763888888889
1.45303703704,0.0729166666668,0.043717013889,0.00640728298576,2.7812345679,0.719444444444
1.52888888889,0.0793619791669,0.0426336805556,0.0073064496524,3.59664197531,0.793888888889
1.47911111111,0.0732204861113,0.0368784722224,0.00614934895786,3.1889382716,0.738333333333
1.536,0.0745442708335,0.0460190972222,0.00693684027751,2.76543209877,0.733333333333
1.46607407407,0.0728298611114,0.0416180555556,0.00608594617967,4.29195061728,0.726666666667
1.3522962963,0.0652343750002,0.0386840277778,0.00540652777726,2.44622222222,0.633888888889
1.57392592593,0.0783854166669,0.0461206597222,0.0068388541662,2.6295308642,0.791666666667
1.52296296296,0.0733506944446,0.0434123263889,0.00687992187488,3.4449382716,0.756666666667
1.52,0.0755642361113,0.0482986111111,0.00639791666608,3.97274074074,0.770555555555
1.52592592593,0.0785373263892,0.0443940972221,0.006598932291,3.98854320988,0.742777777778
1.59288888889,0.0804687500003,0.0464930555555,0.0061349392351,2.9329382716,0.782222222222
1.40918518519,0.0669270833334,0.0409973958334,0.00615799479147,3.02143209877,0.701111111111
1.536,0.0764539930558,0.043513888889,0.00644907117991,3.53343209877,0.768333333333
1.61481481481,0.0811414930558,0.0498784722221,0.00684533854091,3.58083950617,0.791111111111
1.38725925926,0.0671440972224,0.0392821180555,0.00611908854122,3.53343209877,0.694444444444
1.23555555556,0.0600911458335,0.0350164930556,0.00497855902715,2.02271604938,0.638888888889
1.61481481481,0.0802300347225,0.0457934027778,0.00730717013839,4.68385185185,0.821666666667
1.44414814815,0.0718532986113,0.0444166666667,0.00588565104121,3.7009382716,0.728888888889
1.41511111111,0.0704644097224,0.0396996527778,0.00608234374943,3.17313580247,0.712777777778
1.72859259259,0.0848958333336,0.0521015625,0.00758815972132,4.03595061728,0.858333333333
1.29540740741,0.0598741319446,0.030875,0.00546632812461,2.73382716049,0.645555555555
1.61185185185,0.0770616319446,0.0495625,0.00673294270785,3.8052345679,0.81
1.55496296296,0.0744357638891,0.0494270833334,0.00705355902735,3.61244444444,0.756666666667
1.40207407407,0.0740017361114,0.039146701389,0.00666881944373,3.58083950617,0.71
1.57392592593,0.0789062500003,0.0478246527777,0.00640800347153,4.81975308642,0.758888888889
1.63081481481,0.0811631944447,0.0469444444444,0.00703986979105,3.47654320988,0.78
1.49096296296,0.0727213541669,0.0444730902779,0.00639287326337,3.58083950617,0.672777777778
1.36118518519,0.0676432291669,0.0404444444444,0.00636549479126,3.56503703704,0.740555555555
1.41214814815,0.0713107638891,0.0426901041667,0.00591447048562,2.8855308642,0.715
1.46311111111,0.0690321180558,0.0425885416666,0.00594328992993,3.71674074074,0.712777777778
1.55496296296,0.0768446180558,0.0445069444445,0.00616952256882,3.74834567901,0.738333333333
1.49807407407,0.0730251736113,0.0435703125001,0.00624661458283,3.56503703704,0.717222222222
1.40622222222,0.0677734375003,0.0419904513888,0.00582513020764,3.27743209877,0.698888888889
1.61185185185,0.0824218750003,0.050375,0.00743037326357,2.90133333333,0.805
1.33333333333,0.0643229166668,0.0387630208333,0.00565437499966,3.8052345679,0.659444444444
1.60177777778,0.0794921875002,0.046560763889,0.00717388020769,3.62824691358,0.81
1.48503703704,0.0722656250002,0.0462560763888,0.00651463541633,3.47654320988,0.719444444444
1.46014814815,0.0721354166669,0.0425546874999,0.00595914062443,3.02143209877,0.698888888889
1.50103703704,0.0742838541669,0.0432881944445,0.00638999131904,3.68513580247,0.728888888889
1.59585185185,0.0819010416669,0.0475199652778,0.00750746527753,4.02014814815,0.782222222222
1.50103703704,0.073090277778,0.0411892361111,0.00654849826322,3.32483950617,0.742777777778
1.59585185185,0.0796875000002,0.0460868055556,0.00738282118017,3.91585185185,0.800555555555
1.52592592593,0.0737847222224,0.0441909722223,0.00682660590233,3.32483950617,0.784444444444
1.40918518519,0.0686631944446,0.0440104166668,0.00621131076374,3.0372345679,0.715
1.40325925926,0.0654079861113,0.040670138889,0.00573074652718,3.1415308642,0.685
1.56088888889,0.0770616319447,0.046921875,0.00698439236068,4.39624691358,0.784444444444
1.34637037037,0.0641493055558,0.0340911458333,0.00545840277717,2.58212345679,0.668888888889
1.59585185185,0.0767144097225,0.04753125,0.00702546006896,3.4449382716,0.745
1.63081481481,0.0792534722225,0.0496753472222,0.00732662326344,4.00434567901,0.798333333333
1.57392592593,0.0793619791669,0.0458272569443,0.00690802083278,4.26034567901,0.798333333333
1.47911111111,0.0743055555558,0.0420130208335,0.00612269097193,3.9569382716,0.736111111111
1.55496296296,0.0780815972225,0.0501041666667,0.00746999999964,3.56503703704,0.782222222222
1.53896296296,0.074066840278,0.0453984375,0.00664360243033,3.58083950617,0.784444444444
1.3842962963,0.0671657986114,0.0410876736111,0.00565725694388,2.86972839506,0.680555555555
1.61185185185,0.0794921875003,0.0488854166666,0.00749593749955,4.41204938272,0.779444444444
1.29837037037,0.061154513889,0.0354678819444,0.005404366319,3.3975308642,0.633888888889
1.52592592593,0.0750868055558,0.0479262152777,0.0068482204856,3.83683950617,0.758888888889
1.3842962963,0.0680555555558,0.0380633680555,0.00602758680496,2.43041975309,0.682777777778
1.40622222222,0.0690972222223,0.0428819444445,0.00627831597203,2.76543209877,0.701111111111
1.49807407407,0.0725694444447,0.0434348958334,0.00609963541594,3.42913580247,0.693888888889
1.50103703704,0.0741753472225,0.0411328125001,0.00678697916596,3.00562962963,0.78
1.42518518519,0.069574652778,0.0414487847223,0.00603190972168,3.32483950617,0.726666666667
1.25155555556,0.0597222222224,0.0353550347223,0.00536762152736,2.29451851852,0.638888888889
1.25748148148,0.0606119791668,0.0355807291667,0.00546272569385,2.73382716049,0.657222222222
1.44118518519,0.0713975694446,0.0442586805556,0.00613565972192,2.73382716049,0.722222222222
1.47911111111,0.072309027778,0.0448229166668,0.00604199652732,3.27743209877,0.710555555555
1.56088888889,0.0774522569447,0.0476215277777,0.00651319444393,4.18765432099,0.78
1.51703703704,0.073285590278,0.041685763889,0.00588925347148,3.82103703704,0.75
1.61481481481,0.0800781250002,0.047271701389,0.00761625868027,3.4449382716,0.761111111111
1.50696296296,0.0759114583336,0.0445972222224,0.00671060763843,3.05303703704,0.756666666667
1.49807407407,0.0723741319447,0.0426336805556,0.00639215277699,3.02143209877,0.742777777778
1.46903703704,0.0675347222224,0.0448567708333,0.00628984374929,3.46074074074,0.698333333333
1.55496296296,0.0736979166669,0.0465043402778,0.00649518229112,3.83683950617,0.793888888889
1.43111111111,0.0684678819447,0.043717013889,0.0060816232633,3.1889382716,0.728888888889
1.31733333333,0.0641493055558,0.0394513888889,0.00529124999918,3.53343209877,0.633888888889
1.50103703704,0.073285590278,0.0440894097222,0.00608450520781,3.98854320988,0.728888888889
1.20651851852,0.0575954861112,0.0366640625,0.00536978298585,3.12572839506,0.617777777778
1.59288888889,0.0769097222225,0.0467413194445,0.00694692708273,3.68513580247,0.791666666667
1.54192592593,0.0736328125003,0.0437395833334,0.0065095920134,4.41204938272,0.754444444444
1.49807407407,0.072113715278,0.0439652777779,0.00640223958302,3.56503703704,0.728888888889
1.48503703704,0.0752821180558,0.0457934027777,0.00655138020779,3.83683950617,0.738333333333
1.54488888889,0.0802517361114,0.0450373263888,0.00680499131882,4.42785185185,0.786666666667
1.472,0.0739149305558,0.0427690972221,0.00632442708278,4.39624691358,0.742777777778
1.50103703704,0.0732638888891,0.0448003472223,0.0066536892358,3.46074074074,0.758888888889
1.51703703704,0.0764756944447,0.0456015625,0.00632082465211,2.90133333333,0.768333333333
1.27051851852,0.0592447916668,0.0342491319445,0.00586115451341,3.26162962963,0.627222222222
1.44118518519,0.0696831597225,0.0422612847222,0.00600669270762,3.27743209877,0.698888888889
1.42814814815,0.0656250000001,0.0381875000001,0.00624661458307,3.00562962963,0.701111111111
1.63081481481,0.081879340278,0.0507925347223,0.00761337673568,4.14024691358,0.798333333333
1.37422222222,0.0659505208335,0.0375668402778,0.00648077256916,3.15733333333,0.661666666667
1.63081481481,0.0805989583336,0.0468428819444,0.00697934895766,3.61244444444,0.821666666667
1.49688888889,0.0720703125002,0.0411328125001,0.00630857638808,3.34064197531,0.754444444444
1.39022222222,0.0701171875002,0.0383680555556,0.00632010416631,3.7009382716,0.715
1.48503703704,0.0731987847224,0.0407265625001,0.00653913194417,3.58083950617,0.719444444444
1.27940740741,0.0671657986114,0.0341814236111,0.00547137152705,3.38172839506,0.666666666667
1.40622222222,0.0706814236114,0.0413697916667,0.00615727430491,3.0372345679,0.724444444444
1.43111111111,0.0671875000001,0.0407491319445,0.00628119791622,3.30903703704,0.696666666667
1.46607407407,0.0723741319447,0.0430399305556,0.00643033854112,3.85264197531,0.71
1.50696296296,0.077191840278,0.0451050347223,0.00663711805511,3.71674074074,0.78
1.55496296296,0.0740885416669,0.0437057291667,0.00663207465221,3.58083950617,0.740555555555
1.45303703704,0.074457465278,0.0492578124999,0.00696854166619,2.74962962963,0.740555555555
1.37422222222,0.0675998263891,0.0410538194444,0.00573795138846,3.66933333333,0.698888888889
1.55792592593,0.0779079861114,0.0493368055555,0.00651535590224,3.71674074074,0.770555555555
1.46903703704,0.0737413194446,0.0404895833334,0.00640079861073,2.6295308642,0.696111111111
1.28948148148,0.0589843750002,0.0370138888888,0.00508951388837,3.38172839506,0.627222222222
1.39911111111,0.0712022569446,0.0402187500001,0.00613854166645,3.20474074074,0.696111111111
1.40622222222,0.0701388888891,0.0391241319445,0.0060967534718,3.56503703704,0.712777777778
1.39318518519,0.0692057291669,0.0418776041666,0.00635973090215,3.85264197531,0.670555555555
1.55496296296,0.0789062500003,0.0456692708334,0.00721638888852,3.73254320988,0.782222222222
1.55496296296,0.0758897569447,0.0465494791667,0.0065866840272,4.29195061728,0.758888888889
1.47911111111,0.0731987847225,0.0393272569445,0.0065211197911,3.10992592593,0.728888888889
1.53896296296,0.0791015625002,0.0493480902778,0.00697358506911,4.00434567901,0.735555555555
1.36533333333,0.064691840278,0.0378715277778,0.00572930555495,2.58212345679,0.698888888889
1.47911111111,0.0702907986113,0.0442361111111,0.0055434201384,3.71674074074,0.736111111111
1.536,0.0780164930558,0.0470234375,0.00635612847148,4.39624691358,0.768333333333
1.31733333333,0.0665147569446,0.0390112847223,0.00588853298576,2.74962962963,0.685
1.42814814815,0.0667534722224,0.0417873263889,0.00623796874913,3.17313580247,0.677777777778
1.472,0.0726562500002,0.0412005208335,0.00607441840206,4.24454320988,0.719444444444
1.3522962963,0.0642144097224,0.0397222222222,0.00533231770771,2.32612345679,0.638333333333
1.46607407407,0.0718315972224,0.0452517361112,0.00600669270805,2.61372839506,0.740555555555
1.44414814815,0.0665581597224,0.0399930555556,0.00616231770786,3.17313580247,0.703333333333
1.57392592593,0.0799045138891,0.045703125,0.00683309027704,3.59664197531,0.798333333333
1.3522962963,0.0633246527779,0.0399366319445,0.00581360243044,3.15733333333,0.624444444444
1.42814814815,0.0692925347224,0.0383229166668,0.00636837673562,3.9569382716,0.701111111111
1.34933333333,0.0622178819446,0.037871527778,0.00594689236093,3.2932345679,0.612777777778
1.48207407407,0.0731119791669,0.0436831597222,0.00618753472159,3.26162962963,0.703333333333
1.59585185185,0.0799696180558,0.0473619791666,0.00729708333288,4.97145679012,0.800555555555
1.55792592593,0.0761067708336,0.0444618055556,0.00675311631899,3.86844444444,0.766111111111
1.46014814815,0.072504340278,0.0398012152779,0.00623652777743,4.10864197531,0.722222222222
1.65274074074,0.0808810763892,0.0481744791667,0.00713065104155,3.4449382716,0.821666666667
1.50992592593,0.0736328125002,0.0411892361112,0.00656651041596,3.98854320988,0.745
1.25155555556,0.0589192708335,0.0337413194446,0.00541517361071,2.95822222222,0.611111111111
1.55496296296,0.0758897569446,0.045951388889,0.00693828124959,3.17313580247,0.772777777778
1.56088888889,0.0774522569447,0.0503862847222,0.00664864583292,3.59664197531,0.768333333333
1.42518518519,0.0693142361113,0.0411102430555,0.00661910590257,3.7009382716,0.677777777778
1.46311111111,0.0715711805558,0.0438637152778,0.00628624131892,2.7812345679,0.736111111111
1.63377777778,0.0803385416669,0.0430173611111,0.00727186631908,3.4449382716,0.784444444444
1.42814814815,0.0690104166668,0.044427951389,0.00633091145783,2.66113580247,0.719444444444
1.57985185185,0.075434027778,0.0470121527778,0.00639431423525,3.86844444444,0.770555555555
1.57392592593,0.0738064236113,0.0470121527778,0.00724088541621,3.7009382716,0.768333333333
1.61185185185,0.0816189236113,0.0473619791667,0.00753052083302,4.38044444444,0.791666666667
1.34933333333,0.0648003472224,0.0330868055557,0.00567526909675,3.53343209877,0.666666666667
1.48503703704,0.0722873263891,0.0428593750001,0.00704275173568,4.24454320988,0.738333333333
1.54192592593,0.075434027778,0.0472265625001,0.00622139756884,2.9329382716,0.753888888889
1.23259259259,0.0607421875002,0.0325564236112,0.00492668402734,3.50182716049,0.625
1.536,0.0751736111113,0.0459965277779,0.00688640624983,4.10864197531,0.756666666667
1.42696296296,0.0738932291669,0.0420807291668,0.00692026909684,3.47654320988,0.737777777778
1.23851851852,0.0581597222223,0.0319244791667,0.00523577256905,2.98982716049,0.638888888889
1.536,0.0767144097224,0.0450711805556,0.00739074652761,3.02143209877,0.791666666667
1.44414814815,0.0706597222225,0.0405911458333,0.00623436631887,2.91713580247,0.715
1.61185185185,0.0801649305558,0.0524513888889,0.00657875868005,3.71674074074,0.819444444444
1.51703703704,0.0747395833336,0.0455451388889,0.00685542534667,3.71674074074,0.738333333333
1.29837037037,0.0614149305557,0.0372395833335,0.00555422743023,2.19022222222,0.655
1.46014814815,0.0703776041669,0.045150173611,0.0064778906245,3.56503703704,0.738333333333
1.37125925926,0.0675130208335,0.0412456597223,0.00571057291622,2.19022222222,0.673333333333
1.42222222222,0.0678602430558,0.0381875000001,0.00580927951343,3.05303703704,0.698888888889
1.3522962963,0.0644965277779,0.0396206597222,0.00571777777721,3.0372345679,0.696666666667
1.39318518519,0.0689453125002,0.0405572916666,0.00592095486063,3.1415308642,0.689444444444
1.21955555556,0.0558159722224,0.0340234375,0.00518461805515,2.86972839506,0.594444444444
1.46311111111,0.0726562500002,0.0414375,0.00632298611038,3.15733333333,0.715
1.49807407407,0.0741970486113,0.044123263889,0.00636909722173,3.41333333333,0.733333333333
1.56681481481,0.0801432291669,0.0493029513889,0.00742677083293,4.05175308642,0.812222222222
1.59288888889,0.0782552083336,0.0477118055556,0.00712128472179,3.30903703704,0.735555555555
1.59288888889,0.0840711805559,0.050634548611,0.00716307291625,3.85264197531,0.847222222222
1.36533333333,0.0656032986113,0.037126736111,0.00613205729096,2.98982716049,0.671111111111
1.43111111111,0.0685546875002,0.04225,0.00632010416628,3.4449382716,0.715
1.34933333333,0.0644097222224,0.0345086805556,0.00568823784689,2.6295308642,0.626666666667
1.35822222222,0.0674913194446,0.039451388889,0.00633667534682,2.74962962963,0.691666666667
1.536,0.0750868055558,0.0434461805556,0.00681723958292,4.02014814815,0.756666666667
1.52,0.0770833333336,0.0481067708332,0.00692603298545,3.0372345679,0.793888888889
1.27348148148,0.0609809027779,0.0325789930556,0.00500521701335,2.27871604938,0.631666666667
1.33925925926,0.0649522569447,0.0389210069444,0.00571417534678,2.91713580247,0.661666666667
1.59288888889,0.0786241319447,0.0455677083332,0.00698439236071,3.59664197531,0.793888888889
1.51703703704,0.0740234375002,0.0459401041667,0.0060794618049,3.56503703704,0.756666666667
1.55496296296,0.0726345486113,0.0446649305556,0.00666161458284,4.53214814815,0.752222222222
1.61481481481,0.0803385416669,0.0518194444445,0.00748368923545,3.17313580247,0.821666666667
1.40325925926,0.0686848958335,0.0400381944445,0.00552973090226,2.8855308642,0.698888888889
1.61185185185,0.0807942708336,0.0533541666666,0.00745270833271,3.88424691358,0.802777777778
1.35525925926,0.0651041666668,0.0400043402778,0.00598075520802,3.2932345679,0.663888888889
1.50103703704,0.0706380208335,0.0437960069445,0.00659821180503,3.42913580247,0.752222222222
1.52592592593,0.0737847222224,0.04225,0.00676032118035,3.71674074074,0.751666666667
1.47911111111,0.0731119791669,0.0457256944444,0.00620626736062,3.4449382716,0.731111111111
1.45007407407,0.0750217013891,0.0431753472222,0.00666521701346,2.91713580247,0.740555555555
1.65274074074,0.0857638888891,0.0519097222223,0.00713137152712,3.71674074074,0.807222222222
1.60177777778,0.0766927083335,0.048693576389,0.00680066840229,3.53975308642,0.796111111111
1.37422222222,0.0686631944446,0.0400720486112,0.00609531249962,3.85264197531,0.689444444444
1.44414814815,0.0700303819446,0.0421597222223,0.00625309895806,3.7009382716,0.724444444444
1.39022222222,0.0705729166669,0.0428706597222,0.0061183680548,3.30903703704,0.677777777778
1.66874074074,0.0823567708336,0.0463576388891,0.00689649305471,3.73254320988,0.770555555555
1.23851851852,0.0597222222224,0.0323081597223,0.00501314236067,2.27871604938,0.617777777778
1.26340740741,0.0628689236113,0.0342829861111,0.00569760416609,2.46202469136,0.601111111111
1.53896296296,0.0754557291669,0.0452517361112,0.00682948784703,3.74834567901,0.742777777778
1.48207407407,0.0738498263891,0.0442361111111,0.0063633333328,3.82103703704,0.752222222222
1.49807407407,0.0743923611114,0.0407717013889,0.0062567013882,3.7009382716,0.738333333333
1.46014814815,0.0735894097224,0.0404105902779,0.00622716145791,3.3975308642,0.710555555555
1.59288888889,0.0787109375003,0.0465720486111,0.00689577256876,3.12572839506,0.772777777778
1.64977777778,0.0827907986114,0.0519661458333,0.00791309895788,3.4449382716,0.833333333333
1.54192592593,0.0762586805558,0.0428368055556,0.00670484374936,4.24454320988,0.807777777778
1.60177777778,0.0824218750003,0.0501493055555,0.00718540798541,4.68385185185,0.798333333333
1.64977777778,0.0838758680558,0.04996875,0.00767749999915,3.86844444444,0.837777777778
1.24444444444,0.0598741319446,0.033256076389,0.00550667534669,2.85392592593,0.606111111111
1.53896296296,0.0772569444447,0.0479487847222,0.00689793402732,3.62824691358,0.761111111111
